P 11.4749581775 10.2968372121 0 31 4
P 7.0007696187 9.4009137902 1 100 5
P 15.9491467364 11.1927606340 2 100 5
P 21.6766932825 3.5632478231 0 68 3
P 1.2732230726 17.0304266012 0 68 3
P 0.4246013203 4.0008799965 0 43 1
P 22.5253150348 16.5927944278 0 43 1
P 8.5816015696 8.7344951836 0 11 3
P 14.3683147855 11.8591792406 0 11 3
P 5.6529725244 0.8114243636 0 15 5
P 17.2969438306 19.7822500606 0 15 5
P 22.2424435500 4.7778646678 0 77 2
P 0.7074728051 15.8158097565 0 77 2
P 9.0526167008 1.4741276469 0 89 2
P 13.8972996543 19.1195467774 0 89 2
P 0.2125342414 1.7826767121 0 56 1
P 22.7373821136 18.8109977121 0 56 1
P 6.4846085511 3.1301213864 0 12 5
P 16.4653078039 17.4635530378 0 12 5
P 7.7744132243 17.9235970625 0 57 3
P 15.1755031308 2.6700773618 0 57 3
P 22.9499163551 0.0000000000 0 36 1
P 0.0000000000 20.5936744242 0 36 1
