P 10.7621781805 10.3975141119 0 114 3
P 7.8652564864 12.0068524769 1 100 5
P 13.6590998745 8.7881757470 2 100 5
P 21.5243563609 2.8737991217 0 88 1
P 0.0000000000 17.9212291022 0 88 1
P 20.3299824885 9.2886872984 0 23 5
P 1.1943738724 11.5063409255 0 23 5
P 7.7838592212 14.6928973810 0 50 1
P 13.7404971397 6.1021308429 0 50 1
P 14.0732336338 11.7651321245 0 6 4
P 7.4511227271 9.0298960994 0 6 4
P 3.6188932219 15.6734570283 0 37 5
P 17.9054631390 5.1215711956 0 37 5
P 4.6842324391 2.1031847527 0 56 4
P 16.8401239218 18.6918434712 0 56 4
P 14.3375361912 1.6234975815 0 38 2
P 7.1868201697 19.1715306424 0 38 2
P 17.5609466679 3.0003640156 0 19 1
P 3.9634096930 17.7946642083 0 19 1
P 3.7471002200 4.0439065686 0 34 1
P 17.7772561409 16.7511216553 0 34 1
P 13.8439572169 20.7950282238 0 58 2
P 7.6803991440 0.0000000000 0 58 2
