P 11.9885081258 11.8968064952 0 101 4
P 21.4146897023 20.9491185949 1 100 5
P 2.5623265492 2.8444943956 2 100 5
P 1.6752749052 18.8176671478 0 37 2
P 22.3017413463 4.9759458427 0 37 2
P 13.5491359154 12.3741985979 0 20 3
P 10.4278803362 11.4194143925 0 20 3
P 0.0000000000 21.0190341447 0 67 5
P 23.9770162515 2.7745788458 0 67 5
P 18.4913554775 20.5730531431 0 45 4
P 5.4856607740 3.2205598474 0 45 4
P 21.3176786167 3.3632531993 0 87 1
P 2.6593376348 20.4303597911 0 87 1
P 3.3032334976 18.1798405094 0 18 2
P 20.6737827539 5.6137724811 0 18 2
P 23.5632507372 23.7936129905 0 31 2
P 0.4137655144 0.0000000000 0 31 2
P 7.0379610506 23.2681963852 0 6 1
P 16.9390552009 0.5254166053 0 6 1
P 19.1367340319 13.3307726302 0 84 1
P 4.8402822197 10.4628403602 0 84 1
P 5.9142014659 7.0520233752 0 65 1
P 18.0628147856 16.7415896153 0 65 1
