P 10.8751961419 11.2097619193 0 89 1
P 7.3265715575 8.9079302384 1 100 5
P 14.4238207262 13.5115936002 2 100 5
P 8.3186740131 22.4195238385 0 12 5
P 13.4317182706 0.0000000000 0 12 5
P 13.3419983567 19.5370943070 0 38 3
P 8.4083939270 2.8824295315 0 38 3
P 1.7406355165 12.9687497944 0 84 5
P 20.0097567672 9.4507740441 0 84 5
P 0.2367352993 0.1608181280 0 19 4
P 21.5136569844 22.2587057106 0 19 4
P 21.7503922837 19.4306336426 0 67 5
P 0.0000000000 2.9888901960 0 67 5
P 9.8424124405 21.7553165960 0 20 3
P 11.9079798432 0.6642072426 0 20 3
P 3.4625492309 12.2320881235 0 88 5
P 18.2878430528 10.1874357150 0 88 5
P 21.2853849207 10.3917708626 0 4 2
P 0.4650073630 12.0277529759 0 4 2
P 13.9251488796 3.4674775329 0 70 3
P 7.8252434041 18.9520463056 0 70 3
P 19.4653943785 5.9108230616 0 56 4
P 2.2849979052 16.5087007770 0 56 4
