P 11.4817266035 11.3939403052 0 37 4
P 2.5666030744 20.8188403837 1 100 5
P 20.3968501325 1.9690402266 2 100 5
P 0.0810936056 14.5829791815 0 42 5
P 22.8823596013 8.2049014289 0 42 5
P 1.3106255218 4.2955671708 0 33 4
P 21.6528276852 18.4923134396 0 33 4
P 19.3027717609 0.6630012767 0 25 3
P 3.6606814460 22.1248793337 0 25 3
P 14.3216236062 5.0063462567 0 7 4
P 8.6418296007 17.7815343537 0 7 4
P 18.9914656475 6.9634630529 0 33 4
P 3.9719875595 15.8244175575 0 33 4
P 17.1316999907 7.5245444271 0 23 4
P 5.8317532162 15.2633361833 0 23 4
P 0.0000000000 0.0000000000 0 10 4
P 22.9634532069 22.7878806104 0 10 4
P 17.5340958390 3.4893036009 0 1 2
P 5.4293573679 19.2985770095 0 1 2
P 3.6998830148 8.8888491096 0 73 3
P 19.2635701921 13.8990315008 0 73 3
P 19.6220559151 16.4632939791 0 46 1
P 3.3413972918 6.3245866313 0 46 1
