P 11.0478448903 11.6850825827 0 64 3
P 20.8829887763 7.7142269518 1 100 5
P 1.2127010043 15.6559382136 2 100 5
P 4.8468500387 21.5970338652 0 18 3
P 17.2488397419 1.7731313002 0 18 3
P 14.6076313310 9.1763775575 0 47 2
P 7.4880584496 14.1937876079 0 47 2
P 19.1197110683 16.2239609771 0 1 3
P 2.9759787123 7.1462041883 0 1 3
P 21.1002521490 1.6447213985 0 26 3
P 0.9954376316 21.7254437669 0 26 3
P 2.8356200724 20.8817286801 0 18 5
P 19.2600697082 2.4884364853 0 18 5
P 22.0956897806 14.8385411684 0 29 5
P 0.0000000000 8.5316239969 0 29 5
P 20.5002244181 0.3201942556 0 1 1
P 1.5954653624 23.0499709097 0 1 1
P 1.6452815332 10.8145490910 0 5 4
P 20.4504082474 12.5556160744 0 5 4
P 12.2486725571 17.1952108501 0 78 4
P 9.8470172234 6.1749543152 0 78 4
P 18.8142708342 23.3701651654 0 86 4
P 3.2814189464 0.0000000000 0 86 4
