P 11.2850578742 11.7695430703 0 37 0
P 21.3630711710 6.8580750876 1 100 5
P 1.2070445775 16.6810110530 2 100 5
P 4.3513598117 18.1792830625 0 37 1
P 18.2187559368 5.3598030781 0 37 1
P 2.5815111889 0.7003108041 0 49 5
P 19.9886045596 22.8387753365 0 49 5
P 19.2672519263 15.3545321169 0 46 2
P 3.3028638222 8.1845540237 0 46 2
P 7.9497948419 23.5390861406 0 52 2
P 14.6203209065 0.0000000000 0 52 2
P 19.8029672196 19.6694869035 0 8 1
P 2.7671485289 3.8695992371 0 8 1
P 1.7145074535 2.4124586513 0 53 1
P 20.8556082949 21.1266274893 0 53 1
P 22.5701157485 23.3330374023 0 22 3
P 0.0000000000 0.2060487383 0 22 3
P 17.2982851307 20.1723612855 0 72 5
P 5.2718306177 3.3667248551 0 72 5
P 14.1722051851 14.9461557527 0 78 4
P 8.3979105634 8.5929303878 0 78 4
P 22.1630936764 17.7513423194 0 48 4
P 0.4070220721 5.7877438212 0 48 4
