P 11.4032125621 10.8792234116 0 129 0
P 5.3980508422 14.5220053342 1 100 5
P 17.4083742819 7.2364414891 2 100 5
P 21.7428138027 8.5508378559 0 89 2
P 1.0636113214 13.2076089674 0 89 2
P 8.7463099846 1.0028394891 0 84 2
P 14.0601151395 20.7556073341 0 84 2
P 5.1068625872 2.9862736731 0 37 1
P 17.6995625369 18.7721731502 0 37 1
P 0.4733678811 19.6102796038 0 90 3
P 22.3330572430 2.1481672195 0 90 3
P 17.5195099417 0.0000000000 0 17 2
P 5.2869151824 21.7584468233 0 17 2
P 0.7285445018 16.3889394124 0 63 3
P 22.0778806224 5.3695074109 0 63 3
P 20.7986945912 17.3678717412 0 10 3
P 2.0077305329 4.3905750821 0 10 3
P 3.4269328256 0.0409260839 0 30 2
P 19.3794922986 21.7175207394 0 30 2
P 0.0000000000 9.4215135634 0 49 2
P 22.8064251241 12.3369332599 0 49 2
P 5.5888102906 20.3153433940 0 11 4
P 17.2176148335 1.4431034293 0 11 4
