P 11.5813674497 11.5833245403 0 59 0
P 21.9019940565 17.5022780340 1 100 5
P 1.2607408430 5.6643710466 2 100 5
P 20.3599347277 0.8797307277 0 68 5
P 2.8028001717 22.2869183529 0 68 5
P 10.0875993078 22.5781204660 0 55 5
P 13.0751355917 0.5885286146 0 55 5
P 6.3477544017 1.3002474516 0 19 1
P 16.8149804978 21.8664016290 0 19 1
P 9.4177727758 0.0000000000 0 82 3
P 13.7449621236 23.1666490806 0 82 3
P 23.1627348995 3.6628788402 0 80 3
P 0.0000000000 19.5037702405 0 80 3
P 19.7533330423 11.3216152907 0 21 1
P 3.4094018572 11.8450337899 0 21 1
P 5.2519886413 16.7541553398 0 56 3
P 17.9107462582 6.4124937408 0 56 3
P 12.4112871057 11.6309919962 0 44 1
P 10.7514477937 11.5356570844 0 44 1
P 11.1316657018 15.1014899535 0 1 5
P 12.0310691977 8.0651591271 0 1 5
P 6.4255951416 3.8045560987 0 86 4
P 16.7371397579 19.3620929819 0 86 4
