P 11.7019105721 9.8366989302 0 42 4
P 23.4038211441 11.8060234179 1 100 5
P 0.0000000000 7.8673744425 2 100 5
P 10.5155875372 17.1492283049 0 40 1
P 12.8882336069 2.5241695555 0 40 1
P 2.4321359737 7.3507987613 0 62 4
P 20.9716851704 12.3225990991 0 62 4
P 17.6573094636 15.7752395402 0 45 3
P 5.7465116805 3.8981583202 0 45 3
P 5.8977941195 11.9708667258 0 53 2
P 17.5060270246 7.7025311346 0 53 2
P 16.6805261207 3.6432085530 0 69 3
P 6.7232950234 16.0301893074 0 69 3
P 19.9947046293 9.7302652695 0 67 3
P 3.4091165148 9.9431325910 0 67 3
P 19.7121494719 5.0914224845 0 35 5
P 3.6916716722 14.5819753759 0 35 5
P 22.7554792126 1.2221607643 0 65 3
P 0.6483419316 18.4512370961 0 65 3
P 20.2268634933 0.0000000000 0 29 5
P 3.1769576508 19.6733978604 0 29 5
P 0.0443069022 11.5172771522 0 2 2
P 23.3595142419 8.1561207082 0 2 2
