P 11.3116714841 11.1501520870 0 97 5
P 10.6559237583 16.0884366445 1 100 5
P 11.9674192099 6.2118675295 2 100 5
P 13.3175373760 21.7643410055 0 85 4
P 9.3058055922 0.5359631685 0 85 4
P 0.0000000000 15.2196973244 0 65 4
P 22.6233429682 7.0806068497 0 65 4
P 20.8174221043 8.0861217752 0 11 3
P 1.8059208639 14.2141823988 0 11 3
P 1.2332443169 16.8287524452 0 90 3
P 21.3900986513 5.4715517288 0 90 3
P 18.9520691044 16.1894975082 0 58 4
P 3.6712738638 6.1108066659 0 58 4
P 22.0427437178 14.9853423906 0 86 5
P 0.5805992504 7.3149617834 0 86 5
P 16.4980449361 9.2818046159 0 9 2
P 6.1252980321 13.0184995581 0 9 2
P 13.3889123326 0.0000000000 0 21 2
P 9.2344306356 22.3003041740 0 21 2
P 14.6169033532 16.7658846790 0 72 3
P 8.0064396150 5.5344194950 0 72 3
P 12.3824521462 17.3944607920 0 43 4
P 10.2408908220 4.9058433820 0 43 4
