P 11.0158643087 11.8865238446 0 59 1
P 19.1146698005 22.2878105562 1 100 5
P 2.9170588169 1.4852371331 2 100 5
P 18.6485322441 12.6339638132 0 22 5
P 3.3831963733 11.1390838761 0 22 5
P 22.0317286174 8.5423992911 0 22 4
P 0.0000000000 15.2306483982 0 22 4
P 14.6796450053 23.7730476893 0 46 3
P 7.3520836121 0.0000000000 0 46 3
P 21.7592224623 10.5563132601 0 52 5
P 0.2725061551 13.2167344292 0 52 5
P 17.2266562416 21.5388828641 0 26 1
P 4.8050723758 2.2341648252 0 26 1
P 15.6988000869 12.5984202634 0 18 4
P 6.3329285305 11.1746274259 0 18 4
P 15.0075830498 21.7631134199 0 62 1
P 7.0241455676 2.0099342694 0 62 1
P 1.9773711623 5.3693328605 0 22 2
P 20.0543574551 18.4037148288 0 22 2
P 7.9453885816 4.2750172923 0 85 5
P 14.0863400358 19.4980303970 0 85 5
P 9.9293983620 1.8264051065 0 18 2
P 12.1023302553 21.9466425828 0 18 2
