P 11.6454966030 10.7624121250 0 39 0
P 1.0737857002 21.2177991376 1 100 5
P 22.2172075059 0.3070251123 2 100 5
P 18.6358075260 15.6246881596 0 52 2
P 4.6551856801 5.9001360903 0 52 2
P 21.0415218745 1.9627588452 0 18 4
P 2.2494713315 19.5620654047 0 18 4
P 0.0000000000 5.5708172558 0 71 5
P 23.2909932060 15.9540069941 0 71 5
P 7.3556405733 13.6978968768 0 21 5
P 15.9353526328 7.8269273731 0 21 5
P 22.2235333673 13.6985427080 0 18 1
P 1.0674598387 7.8262815419 0 18 1
P 6.0860000043 9.1843369066 0 35 4
P 17.2049932017 12.3404873433 0 35 4
P 2.0725300037 7.8536239136 0 57 2
P 21.2184632023 13.6712003363 0 57 2
P 3.0325637225 1.7056147795 0 54 4
P 20.2584294836 19.8192094704 0 54 4
P 19.1438722283 0.0000000000 0 58 3
P 4.1471209778 21.5248242499 0 58 3
P 13.2151531273 14.6401326132 0 64 1
P 10.0758400788 6.8846916367 0 64 1
