P 11.2422239965 11.2774687650 0 76 2
P 5.2937494287 13.8066983553 1 100 5
P 17.1906985643 8.7482391747 2 100 5
P 17.6811730325 22.5549375300 0 80 1
P 4.8032749604 0.0000000000 0 80 1
P 6.6821395714 15.4779256507 0 80 3
P 15.8023084215 7.0770118793 0 80 3
P 1.3883372083 19.3324177869 0 39 2
P 21.0961107847 3.2225197431 0 39 2
P 1.9576333393 9.5744773731 0 32 1
P 20.5268146537 12.9804601569 0 32 1
P 4.5030097916 17.3874661609 0 26 1
P 17.9814382014 5.1674713691 0 26 1
P 12.8345409680 13.1828936071 0 68 4
P 9.6499070250 9.3720439229 0 68 4
P 2.5879025354 20.4903721950 0 61 4
P 19.8965454576 2.0645653349 0 61 4
P 9.4807754796 13.7285903836 0 61 3
P 13.0036725134 8.8263471464 0 61 3
P 7.6533756311 18.3873297336 0 73 2
P 14.8310723619 4.1676077964 0 73 2
P 22.4844479930 15.0361224243 0 45 3
P 0.0000000000 7.5188151057 0 45 3
