P 9.8384529608 11.6342647131 0 122 5
P 16.0957151540 13.2014449661 1 100 5
P 3.5811907676 10.0670844601 2 100 5
P 14.8038342890 10.8618361621 0 39 4
P 4.8730716326 12.4066932640 0 39 4
P 3.7161280540 0.1937849187 0 66 3
P 15.9607778676 23.0747445075 0 66 3
P 0.0000000000 1.6887427237 0 89 5
P 19.6769059216 21.5797867024 0 89 5
P 15.1913651170 1.1828538350 0 50 1
P 4.4855408046 22.0856755912 0 50 1
P 3.0537456579 7.1599528955 0 76 4
P 16.6231602637 16.1085765306 0 76 4
P 8.6835988929 10.0675018118 0 10 4
P 10.9933070287 13.2010276143 0 10 4
P 0.9854307792 13.1214656562 0 60 2
P 18.6914751424 10.1470637699 0 60 2
P 13.7324585593 5.3914015678 0 82 1
P 5.9444473623 17.8771278583 0 82 1
P 5.9525831281 0.0000000000 0 56 5
P 13.7243227935 23.2685294261 0 56 5
P 7.1970181799 4.0512192538 0 30 5
P 12.4798877417 19.2173101723 0 30 5
