P 11.5223049334 11.9948254768 0 73 4
P 20.6225712757 1.7218505372 1 100 5
P 2.4220385911 22.2678004164 2 100 5
P 12.3545808374 17.4143156599 0 1 4
P 10.6900290294 6.5753352937 0 1 4
P 17.7332107038 4.2514556563 0 60 3
P 5.3113991631 19.7381952972 0 60 3
P 18.8726635247 14.7062394541 0 83 4
P 4.1719463421 9.2834114994 0 83 4
P 7.9554281179 18.9861312814 0 39 1
P 15.0891817489 5.0035196722 0 39 1
P 7.1286413239 16.8433575427 0 75 5
P 15.9159685429 7.1462934108 0 75 5
P 7.5781410373 1.8445259430 0 63 3
P 15.4664688295 22.1451250106 0 63 3
P 19.8928899700 0.0000000000 0 7 3
P 3.1517198969 23.9896509536 0 7 3
P 2.3767558230 11.8333332622 0 41 3
P 20.6678540438 12.1563176914 0 41 3
P 15.7796429228 23.8449727445 0 29 1
P 7.2649669441 0.1446782090 0 29 1
P 0.0000000000 16.3655273599 0 87 1
P 23.0446098668 7.6241235937 0 87 1
