P 11.9037812948 11.2034681549 0 36 2
P 8.5665277002 9.5152249899 1 100 5
P 15.2410348894 12.8917113200 2 100 5
P 22.1644283659 10.5146770167 0 69 5
P 1.6431342237 11.8922592932 0 69 5
P 13.1049600907 5.2358260744 0 6 4
P 10.7026024989 17.1711102354 0 6 4
P 3.9695148533 5.6242059445 0 18 4
P 19.8380477363 16.7827303654 0 18 4
P 23.6052073034 0.0000000000 0 65 2
P 0.2023552862 22.4069363099 0 65 2
P 14.7970435281 8.1517717522 0 18 2
P 9.0105190615 14.2551645577 0 18 2
P 5.8233055989 5.9299080125 0 6 5
P 17.9842569907 16.4770282974 0 6 5
P 23.8075625896 16.8186120356 0 82 4
P 0.0000000000 5.5883242743 0 82 4
P 6.7852748611 19.9069486288 0 7 3
P 17.0222877285 2.4999876810 0 7 3
P 17.4347945045 5.7814820534 0 49 5
P 6.3727680851 16.6254542565 0 49 5
P 3.0057678509 9.0785802494 0 73 4
P 20.8017947387 13.3283560605 0 73 4
