P 11.8876471203 11.5676410831 0 5 1
P 0.2968581711 15.5837825610 1 100 5
P 23.4784360694 7.5514996051 2 100 5
P 11.7453000945 16.3095720988 0 84 3
P 12.0299941460 6.8257100673 0 84 3
P 0.0000000000 10.0809579292 0 90 4
P 23.7752942405 13.0543242369 0 90 4
P 16.0692354366 2.5997455946 0 54 2
P 7.7060588039 20.5355365715 0 54 2
P 4.9978620831 23.1352821661 0 79 5
P 18.7774321574 0.0000000000 0 79 5
P 20.4622540838 15.6840468812 0 67 1
P 3.3130401567 7.4512352849 0 67 1
P 2.3297392526 5.5209853606 0 37 5
P 21.4455549879 17.6142968055 0 37 5
P 9.1460290442 14.0153776421 0 69 3
P 14.6292651963 9.1199045240 0 69 3
P 20.4557580418 10.3038786338 0 70 5
P 3.3195361987 12.8314035323 0 70 5
P 0.7155030371 17.7702590511 0 27 1
P 23.0597912034 5.3650231150 0 27 1
P 15.6122132893 17.7751444433 0 46 5
P 8.1630809512 5.3601377228 0 46 5
