P 10.2637631721 11.2483371476 0 34 5
P 20.2019083268 22.4966742952 1 100 5
P 0.3256180175 0.0000000000 2 100 5
P 4.3141541472 11.0879571501 0 25 2
P 16.2133721971 11.4087171451 0 25 2
P 8.8053428179 21.2310658352 0 54 2
P 11.7221835264 1.2656084600 0 54 2
P 14.7256974500 17.4884932846 0 53 3
P 5.8018288943 5.0081810106 0 53 3
P 16.0172798634 1.8582104393 0 24 2
P 4.5102464809 20.6384638559 0 24 2
P 2.1242917874 16.5401772877 0 15 2
P 18.4032345569 5.9564970075 0 15 2
P 20.5275263443 8.6763234177 0 70 5
P 0.0000000000 13.8203508774 0 70 5
P 17.5599765018 14.4943212267 0 78 5
P 2.9675498425 8.0023530684 0 78 5
P 5.1966691309 3.7687741676 0 15 2
P 15.3308572134 18.7279001276 0 15 2
P 20.5027917839 19.9182915566 0 22 4
P 0.0247345604 2.5783827385 0 22 4
P 6.6334952858 20.5666557058 0 70 5
P 13.8940310585 1.9300185893 0 70 5
