P 10.3340492859 11.3604785798 0 113 4
P 17.8718554624 4.8908621270 1 100 5
P 2.7962431095 17.8300950327 2 100 5
P 2.9166002821 15.3135801105 0 61 2
P 17.7514982898 7.4073770492 0 61 2
P 9.3113373912 1.1641023441 0 81 2
P 11.3567611806 21.5568548156 0 81 2
P 13.2783444294 13.4650059038 0 15 2
P 7.3897541425 9.2559512559 0 15 2
P 0.0000000000 17.5508731402 0 26 1
P 20.6680985719 5.1700840195 0 26 1
P 12.0553118466 11.5895441835 0 2 2
P 8.6127867253 11.1314129762 0 2 2
P 4.6908083550 1.8014880106 0 74 3
P 15.9772902168 20.9194691491 0 74 3
P 3.0187205232 22.7209571597 0 63 3
P 17.6493780486 0.0000000000 0 63 3
P 14.6901660540 2.5828977177 0 33 3
P 5.9779325179 20.1380594420 0 33 3
P 17.8026489880 10.1532609356 0 4 1
P 2.8654495838 12.5676962241 0 4 1
P 14.3527936131 12.0512957359 0 14 2
P 6.3153049588 10.6696614238 0 14 2
