P 11.3377221933 11.6065880376 0 45 1
P 16.3007935752 1.0529392141 1 100 5
P 6.3746508114 22.1602368611 2 100 5
P 18.2548371410 3.7517583789 0 50 3
P 4.4206072456 19.4614176963 0 50 3
P 18.7647468398 0.0000000000 0 64 1
P 3.9106975468 23.2131760752 0 64 1
P 17.8315343340 12.1201800769 0 34 2
P 4.8439100526 11.0929959982 0 34 2
P 12.3792158767 20.8739717037 0 58 1
P 10.2962285099 2.3392043715 0 58 1
P 10.5498231748 18.3503489891 0 1 4
P 12.1256212117 4.8628270861 0 1 4
P 19.5565435802 22.4786815509 0 56 3
P 3.1189008064 0.7344945242 0 56 3
P 14.1955800835 6.3216841068 0 68 4
P 8.4798643031 16.8914919684 0 68 4
P 22.6754443866 5.8287704042 0 15 4
P 0.0000000000 17.3844056710 0 15 4
P 11.1052355382 5.6070214840 0 47 1
P 11.5702088484 17.6061545912 0 47 1
P 0.6042481197 19.7937090555 0 79 3
P 22.0711962669 3.4194670197 0 79 3
