P 10.9683676341 11.0793325154 0 30 0
P 14.7774420117 22.0491731572 1 100 5
P 7.1592932565 0.1094918736 2 100 5
P 1.4194812592 4.4677756234 0 53 1
P 20.5172540090 17.6908894073 0 53 1
P 5.9629643108 18.6676263424 0 31 1
P 15.9737709574 3.4910386883 0 31 1
P 0.0000000000 8.1719508656 0 12 2
P 21.9367352682 13.9867141652 0 12 2
P 13.3666841177 10.4227441965 0 72 2
P 8.5700511505 11.7359208343 0 72 2
P 21.2192540293 7.3528509139 0 49 3
P 0.7174812389 14.8058141169 0 49 3
P 19.3032774579 8.1977675017 0 41 4
P 2.6334578103 13.9608975290 0 41 4
P 9.1754532906 8.1859539859 0 76 1
P 12.7612819776 13.9727110448 0 76 1
P 16.9103356378 17.2135726775 0 27 3
P 5.0263996304 4.9450923533 0 27 3
P 10.6080248083 22.1586650308 0 6 5
P 11.3287104599 0.0000000000 0 6 5
P 1.9765710873 0.0118549559 0 84 1
P 19.9601641809 22.1468100748 0 84 1
