P 11.2460551186 9.8930474310 0 105 2
P 18.6442291426 11.3164033450 1 100 5
P 3.8478810945 8.4696915169 2 100 5
P 14.9271626060 18.7010436437 0 40 2
P 7.5649476311 1.0850512183 0 40 2
P 11.7356812907 3.2145065375 0 11 1
P 10.7564289465 16.5715883245 0 11 1
P 10.6492140337 0.0000000000 0 84 5
P 11.8428962035 19.7860948620 0 84 5
P 17.4123642355 2.6972029551 0 90 2
P 5.0797460017 17.0888919069 0 90 2
P 2.3270483656 15.6778208035 0 28 2
P 20.1650618716 4.1082740585 0 28 2
P 0.0000000000 3.8707829406 0 84 3
P 22.4921102371 15.9153119214 0 84 3
P 9.0824480562 10.6405004250 0 50 3
P 13.4096621809 9.1455944369 0 50 3
P 17.5920307714 6.3009966925 0 45 4
P 4.9000794657 13.4850981695 0 45 4
P 13.8251326135 10.7693117249 0 8 5
P 8.6669776236 9.0167831371 0 8 5
P 20.9695665215 13.6473874332 0 8 4
P 1.5225437157 6.1387074287 0 8 4
