P 11.2552296760 10.9460620989 0 44 5
P 9.8146308963 3.3432332136 1 100 5
P 12.6958284557 18.5488909843 2 100 5
P 5.6667386269 1.6270738714 0 39 5
P 16.8437207250 20.2650503265 0 39 5
P 14.5181345266 13.1676669133 0 56 4
P 7.9923248254 8.7244572846 0 56 4
P 22.5104593519 21.8921241979 0 79 4
P 0.0000000000 0.0000000000 0 79 4
P 12.9953363307 4.5574956323 0 55 1
P 9.5151230212 17.3346285655 0 55 1
P 10.5719921465 0.3743569964 0 20 1
P 11.9384672055 21.5177672015 0 20 1
P 6.6545169090 4.7683663063 0 62 5
P 15.8559424430 17.1237578916 0 62 5
P 17.3278323285 13.1724203241 0 85 2
P 5.1826270235 8.7197038738 0 85 2
P 17.4338032662 18.0211699591 0 55 1
P 5.0766560857 3.8709542388 0 55 1
P 1.6589557141 8.6009529979 0 32 1
P 20.8515036378 13.2911711999 0 32 1
P 1.4301148600 16.1564970669 0 71 3
P 21.0803444919 5.7356271310 0 71 3
