P 10.9393895564 11.2871589156 0 43 4
P 2.7075330863 3.6679016342 1 100 5
P 19.1712460264 18.9064161971 2 100 5
P 11.9545960212 5.4192652659 0 69 3
P 9.9241830916 17.1550525653 0 69 3
P 15.5723877101 21.7214204142 0 35 5
P 6.3063914027 0.8528974170 0 35 5
P 18.4776155042 12.6151646293 0 65 4
P 3.4011636086 9.9591532019 0 65 4
P 17.8380609643 18.0155956470 0 49 2
P 4.0407181485 4.5587221842 0 49 2
P 0.0000000000 8.5530534444 0 70 1
P 21.8787791128 14.0212643868 0 70 1
P 16.8630216217 6.5986565590 0 17 2
P 5.0157574911 15.9756612722 0 17 2
P 21.1690117170 0.0000000000 0 66 3
P 0.7097673958 22.5743178312 0 66 3
P 19.2629830733 11.5499056716 0 6 1
P 2.6157960395 11.0244121596 0 6 1
P 16.6091456769 0.1688311492 0 75 3
P 5.2696334359 22.4054866821 0 75 3
P 21.2856491407 22.2740548249 0 34 4
P 0.5931299721 0.3002630063 0 34 4
