P 10.9677823705 11.9715158679 0 106 5
P 19.8073152257 10.6654262772 1 100 5
P 2.1282495153 13.2776054585 2 100 5
P 12.8766633116 8.3280542512 0 79 5
P 9.0589014294 15.6149774845 0 79 5
P 8.0248225201 18.7096865817 0 4 2
P 13.9107422209 5.2333451540 0 4 2
P 19.0475677762 3.3240956467 0 49 2
P 2.8879969648 20.6189360890 0 49 2
P 0.0000000000 10.9685099057 0 28 4
P 21.9355647410 12.9745218300 0 28 4
P 3.3307724919 0.9503391927 0 62 2
P 18.6047922491 22.9926925430 0 62 2
P 13.0171544135 3.9641687805 0 89 4
P 8.9184103275 19.9788629552 0 89 4
P 6.6438635436 23.9430317357 0 84 1
P 15.2917011975 0.0000000000 0 84 1
P 9.1336211006 3.0298046067 0 73 3
P 12.8019436404 20.9132271290 0 73 3
P 6.2893862758 18.5115318863 0 29 2
P 15.6461784653 5.4314998494 0 29 2
P 6.6257073969 21.1290193380 0 71 1
P 15.3098573441 2.8140123977 0 71 1
