P 9.8138624630 11.5285066700 0 13 0
P 2.8738583929 8.8747075482 1 100 5
P 16.7538665330 14.1823057919 2 100 5
P 6.4924763028 23.0570133401 0 22 1
P 13.1352486231 0.0000000000 0 22 1
P 10.8077372580 15.6827764976 0 50 1
P 8.8199876679 7.3742368425 0 50 1
P 18.3624935733 21.4188518760 0 32 4
P 1.2652313526 1.6381614640 0 32 4
P 10.0232306668 22.9333017857 0 47 5
P 9.6044942591 0.1237115544 0 47 5
P 7.0295662114 6.3010598752 0 77 4
P 12.5981587145 16.7559534648 0 77 4
P 4.8606257916 19.7097722524 0 20 4
P 14.7670991343 3.3472410877 0 20 4
P 18.7056207551 12.8704422407 0 49 4
P 0.9221041708 10.1865710994 0 49 4
P 0.0000000000 17.1413405876 0 30 4
P 19.6277249259 5.9156727525 0 30 4
P 8.4753400424 11.1906150959 0 39 3
P 11.1523848835 11.8663982441 0 39 3
P 3.5897009865 5.2765615483 0 87 2
P 16.0380239394 17.7804517918 0 87 2
