P 10.8825789836 10.3954048786 0 39 5
P 17.2721455733 10.3413638571 1 100 5
P 4.4930123939 10.4494459001 2 100 5
P 16.3855354321 15.5529526415 0 51 2
P 5.3796225352 5.2378571157 0 51 2
P 16.3852613662 4.5010326850 0 31 5
P 5.3798966011 16.2897770722 0 31 5
P 13.2468855878 10.3290923709 0 84 2
P 8.5182723795 10.4617173864 0 84 2
P 13.1795799111 3.9290959416 0 87 3
P 8.5855780562 16.8617138157 0 87 3
P 16.8371910157 20.7908097573 0 35 5
P 4.9279669516 0.0000000000 0 35 5
P 20.3984361338 6.4760125015 0 80 4
P 1.3667218334 14.3147972557 0 80 4
P 16.3708546796 7.8718656338 0 21 1
P 5.3943032877 12.9189441234 0 21 1
P 18.6399929455 9.0763537029 0 16 5
P 3.1251650218 11.7144560543 0 16 5
P 1.6385842528 16.6689862238 0 83 1
P 20.1265737145 4.1218235335 0 83 1
P 0.0000000000 4.1293365127 0 36 5
P 21.7651579673 16.6614732446 0 36 5
