P 11.4149901307 11.9894256089 0 99 2
P 22.8299802614 15.3296852613 1 100 5
P 0.0000000000 8.6491659565 2 100 5
P 0.6583107749 19.4964325604 0 67 5
P 22.1716694865 4.4824186574 0 67 5
P 4.9788955406 3.2707640890 0 38 3
P 17.8510847208 20.7080871288 0 38 3
P 17.9717583605 12.1174648041 0 46 2
P 4.8582219008 11.8613864137 0 46 2
P 12.7002163373 3.3837393027 0 5 4
P 10.1297639241 20.5951119150 0 5 4
P 14.4014333781 10.6284501875 0 38 2
P 8.4285468833 13.3504010302 0 38 2
P 10.0155732841 23.9788512178 0 15 3
P 12.8144069772 0.0000000000 0 15 3
P 1.3262066919 22.9162610357 0 44 4
P 21.5037735695 1.0625901821 0 44 4
P 8.6278040336 17.6943235848 0 34 4
P 14.2021762277 6.2845276329 0 34 4
P 22.7801767305 22.6152334601 0 1 1
P 0.0498035308 1.3636177577 0 1 1
P 9.6576930195 14.3207014292 0 24 4
P 13.1722872418 9.6581497885 0 24 4
