P 11.8781677019 11.8921281248 0 132 4
P 20.4368449143 20.1398352711 1 100 5
P 3.3194904894 3.6444209785 2 100 5
P 22.8152719771 14.9277878513 0 69 1
P 0.9410634267 8.8564683983 0 69 1
P 5.5493838465 20.9741013322 0 28 3
P 18.2069515572 2.8101549174 0 28 3
P 3.6558479824 8.4677549229 0 64 2
P 20.1004874213 15.3165013267 0 64 2
P 5.5674881371 6.2277438208 0 12 3
P 18.1888472666 17.5565124288 0 12 3
P 22.7158869409 16.6371560862 0 69 2
P 1.0404484628 7.1471001634 0 69 2
P 12.5143126204 6.6995761429 0 31 4
P 11.2420227833 17.0846801067 0 31 4
P 16.2679358554 10.3894801332 0 60 5
P 7.4883995483 13.3947761165 0 60 5
P 0.0000000000 22.9791054947 0 46 2
P 23.7563354037 0.8051507549 0 46 2
P 18.3031582651 15.0151878556 0 82 3
P 5.4531771386 8.7690683940 0 82 3
P 11.3481730827 23.7842562496 0 74 4
P 12.4081623211 0.0000000000 0 74 4
