P 11.5828675534 11.4566038101 0 120 0
P 18.7439131613 1.4500295076 1 100 5
P 4.4218219454 21.4631781125 2 100 5
P 16.8925641982 15.4156267139 0 39 2
P 6.2731709085 7.4975809063 0 39 2
P 8.1925560367 5.4867679229 0 44 5
P 14.9731790700 17.4264396973 0 44 5
P 15.8625208959 5.8180974195 0 29 3
P 7.3032142109 17.0951102006 0 29 3
P 19.7545784590 4.0926356176 0 72 4
P 3.4111566477 18.8205720025 0 72 4
P 14.0944255381 2.2124357191 0 72 3
P 9.0713095686 20.7007719010 0 72 3
P 2.4212546540 7.7770890127 0 63 2
P 20.7444804527 15.1361186074 0 63 2
P 10.4224296683 21.0604361643 0 64 2
P 12.7433054384 1.8527714559 0 64 2
P 1.4168785050 11.2324241854 0 47 3
P 21.7488566017 11.6807834347 0 47 3
P 0.0000000000 3.0921770025 0 65 4
P 23.1657351067 19.8210306176 0 65 4
P 2.8889258418 0.0000000000 0 11 2
P 20.2768092650 22.9132076201 0 11 2
