P 11.5227891336 11.3610859996 0 38 5
P 20.3615136157 6.7468513843 1 100 5
P 2.6840646515 15.9753206149 2 100 5
P 7.4734249430 17.6574400593 0 61 4
P 15.5721533242 5.0647319399 0 61 4
P 13.5772569267 21.9168453472 0 15 1
P 9.4683213405 0.8053266520 0 15 1
P 0.8574836424 14.3548065327 0 48 5
P 22.1880946248 8.3673654665 0 48 5
P 23.0455782672 18.5540355003 0 79 2
P 0.0000000000 4.1681364989 0 79 2
P 9.5425810855 13.2741903749 0 78 1
P 13.5029971817 9.4479816243 0 78 1
P 18.9493154313 18.1691459050 0 26 1
P 4.0962628359 4.5530260942 0 26 1
P 4.5197907306 13.5692535838 0 8 1
P 18.5257875366 9.1529184154 0 8 1
P 13.5241200751 19.5184243833 0 15 4
P 9.5214581922 3.2037476160 0 15 4
P 5.5228321174 22.7221719992 0 82 3
P 17.5227461498 0.0000000000 0 82 3
P 16.3854991105 14.0231139264 0 14 2
P 6.6600791567 8.6990580728 0 14 2
