P 10.1774055916 10.1378846164 0 87 4
P 4.8078706127 4.3817172880 1 100 5
P 15.5469405706 15.8940519448 2 100 5
P 2.7294916610 11.4377995328 0 47 3
P 17.6253195223 8.8379697001 0 47 3
P 9.0980012308 1.3876311335 0 73 1
P 11.2568099525 18.8881380993 0 73 1
P 3.1248335119 18.2580641290 0 77 1
P 17.2299776713 2.0177051039 0 77 1
P 1.8829716150 19.0558309246 0 20 4
P 18.4718395682 1.2199383083 0 20 4
P 20.3548111833 1.3566103301 0 59 4
P 0.0000000000 18.9191589027 0 59 4
P 12.1305205291 20.2757692328 0 86 1
P 8.2242906541 0.0000000000 0 86 1
P 6.5359547880 1.5983163439 0 67 4
P 13.8188563953 18.6774528890 0 67 4
P 6.4729624946 5.2040205293 0 11 2
P 13.8818486887 15.0717487035 0 11 2
P 14.0778685357 8.6367905682 0 61 3
P 6.2769426476 11.6389786647 0 61 3
P 17.7200933606 4.1916798456 0 70 4
P 2.6347178227 16.0840893872 0 70 4
