P 10.9013155938 10.9272374117 0 29 1
P 17.5181330129 15.6310547962 1 100 5
P 4.2844981747 6.2234200272 2 100 5
P 4.9588759292 1.0952858909 0 49 3
P 16.8437552584 20.7591889325 0 49 3
P 1.8641916983 0.9429903871 0 2 1
P 19.9384394893 20.9114844363 0 2 1
P 4.5083827033 7.5854969564 0 39 1
P 17.2942484844 14.2689778670 0 39 1
P 0.0000000000 10.5826414159 0 17 4
P 21.8026311877 11.2718334075 0 17 4
P 7.2144998124 0.0000000000 0 6 5
P 14.5881313753 21.8544748234 0 6 5
P 10.2590577477 21.6069898171 0 1 1
P 11.5435734399 0.2474850063 0 1 1
P 0.9120516258 14.7212519624 0 10 5
P 20.8905795619 7.1332228610 0 10 5
P 2.5199752735 6.0243959888 0 52 4
P 19.2826559141 15.8300788346 0 52 4
P 14.7255970293 13.5838136537 0 17 4
P 7.0770341584 8.2706611697 0 17 4
P 11.9764768230 9.8709513847 0 38 3
P 9.8261543647 11.9835234387 0 38 3
