P 11.7009420599 10.6957592309 0 25 3
P 18.5729702196 17.9503813391 1 100 5
P 4.8289139003 3.4411371228 2 100 5
P 4.1810601028 10.5847119471 0 66 4
P 19.2208240170 10.8068065147 0 66 4
P 0.0000000000 17.0243992752 0 28 2
P 23.4018841198 4.3671191866 0 28 2
P 17.0529831632 14.8523169940 0 63 2
P 6.3489009566 6.5392014679 0 63 2
P 9.2473890188 11.3890943218 0 54 2
P 14.1544951010 10.0024241400 0 54 2
P 16.0054564066 7.4131932462 0 51 5
P 7.3964277132 13.9783252156 0 51 5
P 1.1599251836 0.0000000000 0 30 1
P 22.2419589363 21.3915184618 0 30 1
P 6.1015695627 18.6584372620 0 14 3
P 17.3003145571 2.7330811999 0 14 3
P 15.0631117167 14.2373525999 0 5 2
P 8.3387724032 7.1541658619 0 5 2
P 22.8498031494 15.4353646430 0 90 4
P 0.5520809704 5.9561538189 0 90 4
P 3.9291726136 15.9985848162 0 12 1
P 19.4727115062 5.3929336456 0 12 1
