P 8.4857787612 10.9498511718 0 37 1
P 2.2990473831 4.8460098088 1 100 5
P 14.6725101393 17.0536925348 2 100 5
P 0.7505988480 20.0817900272 0 29 2
P 16.2209586744 1.8179123164 0 29 2
P 1.4189849834 6.7139763699 0 38 3
P 15.5525725390 15.1857259737 0 38 3
P 7.3529918416 14.7618126959 0 47 5
P 9.6185656808 7.1378896477 0 47 5
P 8.9327133021 3.4528465409 0 84 5
P 8.0388442203 18.4468558027 0 84 5
P 8.5317550731 20.2658732786 0 38 2
P 8.4398024493 1.6338290650 0 38 2
P 10.8657360661 5.9165985673 0 61 2
P 6.1058214563 15.9831037763 0 61 2
P 5.9386919788 17.5251896199 0 70 2
P 11.0328655436 4.3745127237 0 70 2
P 0.0000000000 4.5348937131 0 75 2
P 16.9715575224 17.3648086305 0 75 2
P 16.2141754292 0.0000000000 0 72 2
P 0.7573820932 21.8997023436 0 72 2
P 4.7752877690 4.4165332831 0 32 5
P 12.1962697534 17.4831690605 0 32 5
