P 10.1876357715 10.7151124139 0 133 1
P 10.1412048475 0.0000000000 1 100 5
P 10.2340666955 21.4302248278 2 100 5
P 1.0681737142 6.6013659645 0 50 3
P 19.3070978288 14.8288588633 0 50 3
P 15.8000871390 10.3681904120 0 84 3
P 4.5751844041 11.0620344158 0 84 3
P 2.1498856605 18.4850381265 0 67 2
P 18.2253858825 2.9451867014 0 67 2
P 0.2769617346 20.6944225926 0 64 4
P 20.0983098084 0.7358022353 0 64 4
P 3.4443644517 8.1888531130 0 60 5
P 16.9309070913 13.2413717148 0 60 5
P 0.1592165809 15.9961754549 0 22 1
P 20.2160549621 5.4340493729 0 22 1
P 9.7430759188 2.3256694866 0 65 1
P 10.6321956242 19.1045553412 0 65 1
P 14.1088410425 14.9962096342 0 75 5
P 6.2664305005 6.4340151936 0 75 5
P 20.3752715430 13.1227300831 0 23 3
P 0.0000000000 8.3074947447 0 23 3
P 2.7499035398 11.0640636913 0 34 3
P 17.6253680032 10.3661611365 0 34 3
