P 11.2976225371 9.4420468988 0 150 2
P 3.1982301444 1.0336817189 1 100 5
P 19.3970149298 17.8504120786 2 100 5
P 15.4073189905 10.8969991121 0 57 3
P 7.1879260836 7.9870946854 0 57 3
P 0.3764403240 1.8551391256 0 59 1
P 22.2188047502 17.0289546719 0 59 1
P 18.5733683097 5.9806675944 0 75 3
P 4.0218767645 12.9034262032 0 75 3
P 15.5700759756 3.7961997436 0 33 1
P 7.0251690985 15.0878940539 0 33 1
P 21.2502019492 17.2774526703 0 46 2
P 1.3450431249 1.6066411272 0 46 2
P 10.8082710288 14.3551326726 0 77 5
P 11.7869740454 4.5289611250 0 77 5
P 10.4435417937 0.5522221775 0 47 5
P 12.1517032804 18.3318716200 0 47 5
P 11.9593022866 1.3901287060 0 65 3
P 10.6359427875 17.4939650915 0 65 3
P 0.0000000000 0.0000000000 0 4 1
P 22.5952450742 18.8840937975 0 4 1
P 4.5300562206 4.2805345683 0 34 1
P 18.0651888536 14.6035592292 0 34 1
