P 10.7707968389 11.4566066264 0 145 5
P 2.8699297614 8.5953993277 1 100 5
P 18.6716639164 14.3178139251 2 100 5
P 6.5564582643 22.0434838063 0 2 3
P 14.9851354135 0.8697294464 0 2 3
P 21.5415936777 22.9132132528 0 44 5
P 0.0000000000 0.0000000000 0 44 5
P 8.4271458873 5.0205311191 0 27 1
P 13.1144477905 17.8926821337 0 27 1
P 5.9600243079 12.9660973579 0 15 4
P 15.5815693698 9.9471158949 0 15 4
P 7.3275218921 14.7081932590 0 41 2
P 14.2140717856 8.2050199938 0 41 2
P 5.0024181393 16.0494741164 0 4 5
P 16.5391755385 6.8637391363 0 4 5
P 20.1989476039 19.3964307726 0 78 2
P 1.3426460739 3.5167824802 0 78 2
P 16.6017776822 14.6104026843 0 4 4
P 4.9398159955 8.3028105684 0 4 4
P 1.0240943863 1.8384885643 0 80 2
P 20.5174992915 21.0747246884 0 80 2
P 14.0840679142 5.3849094206 0 76 1
P 7.4575257635 17.5283038322 0 76 1
