P 10.2495659716 11.6326368189 0 65 0
P 9.6446609538 4.3200334879 1 100 5
P 10.8544709894 18.9452401500 2 100 5
P 6.6008424867 15.0589367577 0 23 1
P 13.8982894565 8.2063368802 0 23 1
P 7.3300778864 9.2088245529 0 36 1
P 13.1690540568 14.0564490850 0 36 1
P 3.4161253337 0.2922819481 0 72 3
P 17.0830066095 22.9729916898 0 72 3
P 19.3044000685 22.9957603083 0 71 1
P 1.1947318747 0.2695133296 0 71 1
P 12.0040509375 10.6981988313 0 78 3
P 8.4950810057 12.5670748066 0 78 3
P 2.3048212627 14.9392422249 0 12 3
P 18.1943106805 8.3260314130 0 12 3
P 0.0000000000 12.1501878323 0 56 1
P 20.4991319432 11.1150858056 0 56 1
P 2.2528712270 23.2652736379 0 50 2
P 18.2462607162 0.0000000000 0 50 2
P 6.8211147335 7.5501153226 0 64 3
P 13.6780172097 15.7151583153 0 64 3
P 14.3886803739 2.4462250197 0 74 1
P 6.1104515693 20.8190486182 0 74 1
