P 11.0576176641 10.7799501677 0 104 2
P 20.1379292095 18.4287359329 1 100 5
P 1.9773061187 3.1311644025 2 100 5
P 16.7527387256 9.9827867323 0 19 4
P 5.3624966027 11.5771136031 0 19 4
P 2.3365058178 7.0546181162 0 64 1
P 19.7787295104 14.5052822192 0 64 1
P 1.0133244565 19.4196254153 0 70 5
P 21.1019108717 2.1402749201 0 70 5
P 14.4642880351 0.0000000000 0 75 1
P 7.6509472932 21.5599003354 0 75 1
P 0.6043640526 6.5510595866 0 87 3
P 21.5108712757 15.0088407488 0 87 3
P 0.0000000000 3.9918427234 0 20 2
P 22.1152353282 17.5680576119 0 20 2
P 0.6962569469 1.3588455323 0 32 5
P 21.4189783813 20.2010548031 0 32 5
P 19.0674986008 0.5047296268 0 1 3
P 3.0477367274 21.0551707086 0 1 3
P 8.5086451938 13.4569800304 0 84 4
P 13.6065901345 8.1029203050 0 84 4
P 18.4454263417 14.5374613960 0 64 5
P 3.6698089865 7.0224389394 0 64 5
