P 11.5491474642 11.9241195414 0 101 0
P 19.7139699710 4.6383734543 1 100 5
P 3.3843249575 19.2098656286 2 100 5
P 6.9804104285 0.0000000000 0 14 1
P 16.1178845000 23.8482390828 0 14 1
P 11.7975305719 8.9303909840 0 75 5
P 11.3007643566 14.9178480988 0 75 5
P 18.9168055381 20.0041335719 0 88 5
P 4.1814893904 3.8441055109 0 88 5
P 14.7574433272 6.9410677587 0 25 5
P 8.3408516013 16.9071713241 0 25 5
P 5.8710231869 4.6836302496 0 84 5
P 17.2272717415 19.1646088332 0 84 5
P 18.8136531214 23.1297708301 0 21 3
P 4.2846418070 0.7184682527 0 21 3
P 15.4491008165 20.6359665461 0 39 5
P 7.6491941120 3.2122725368 0 39 5
P 15.2330216447 15.4901658333 0 81 1
P 7.8652732838 8.3580732495 0 81 1
P 23.0982949285 16.1087796856 0 56 3
P 0.0000000000 7.7394593972 0 56 3
P 16.5693942720 16.4996477907 0 15 1
P 6.5289006565 7.3485912921 0 15 1
