P 11.5231130550 11.4070445503 0 58 5
P 1.3928123176 13.9339173226 1 100 5
P 21.6534137925 8.8801717779 2 100 5
P 0.1976535582 16.8886516152 0 12 3
P 22.8485725519 5.9254374853 0 12 3
P 0.0000000000 11.8581511276 0 1 2
P 23.0462261101 10.9559379730 0 1 2
P 0.2417424303 9.5860467799 0 15 1
P 22.8044836798 13.2280423206 0 15 1
P 17.7704712417 9.8217016575 0 77 2
P 5.2757548683 12.9923874431 0 77 2
P 9.8747531813 0.0000000000 0 47 4
P 13.1714729288 22.8140891005 0 47 4
P 4.3718871093 7.5544771868 0 12 4
P 18.6743390008 15.2596119138 0 12 4
P 11.7231343472 4.0609271126 0 13 4
P 11.3230917629 18.7531619879 0 13 4
P 18.6367802123 18.3434284372 0 67 2
P 4.4094458978 4.4706606633 0 67 2
P 20.5157620582 22.3898844678 0 46 2
P 2.5304640519 0.4242046327 0 46 2
P 7.1507352887 0.7446722781 0 78 3
P 15.8954908214 22.0694168224 0 78 3
