P 8.6562275394 11.5883867628 0 87 3
P 15.3092732931 6.6596971766 1 100 5
P 2.0031817858 16.5170763490 2 100 5
P 2.1996770711 1.7669574865 0 73 1
P 15.1127780078 21.4098160391 0 73 1
P 15.7608299814 12.1762586022 0 2 3
P 1.5516250975 11.0005149234 0 2 3
P 3.8692857036 20.8006350577 0 16 4
P 13.4431693753 2.3761384679 0 16 4
P 0.0000000000 8.3242371605 0 46 5
P 17.3124550789 14.8525363651 0 46 5
P 7.2130651547 19.4197760996 0 30 4
P 10.0993899242 3.7569974260 0 30 4
P 15.9490575082 9.4525683917 0 12 4
P 1.3633975706 13.7242051339 0 12 4
P 7.9660194628 21.8087852033 0 76 5
P 9.3464356161 1.3679883222 0 76 5
P 8.1149954368 16.0348553956 0 60 4
P 9.1974596421 7.1419181300 0 60 4
P 13.1050985207 23.1767735256 0 4 3
P 4.2073565582 0.0000000000 0 4 3
P 16.2826553155 20.4281109712 0 4 3
P 1.0297997634 2.7486625544 0 4 3
