P 11.2189146726 10.9371072759 0 99 1
P 22.4378293451 1.2951351165 1 100 5
P 0.0000000000 20.5790794353 2 100 5
P 6.1021812908 0.0000000000 0 62 2
P 16.3356480543 21.8742145518 0 62 2
P 15.7943278662 16.9703422862 0 58 3
P 6.6435014789 4.9038722657 0 58 3
P 11.7921550339 17.1366356130 0 50 1
P 10.6456743112 4.7375789389 0 50 1
P 5.6687540108 7.4997069536 0 51 3
P 16.7690753343 14.3745075982 0 51 3
P 16.3921336104 3.4799257208 0 16 4
P 6.0456957347 18.3942888310 0 16 4
P 22.3652297813 6.3536398556 0 15 4
P 0.0725995638 15.5205746963 0 15 4
P 2.5686821217 2.9206560000 0 78 5
P 19.8691472234 18.9535585518 0 78 5
P 3.9643935161 8.4088816644 0 18 1
P 18.4734358290 13.4653328875 0 18 1
P 21.0295973488 17.7523510758 0 88 2
P 1.4082319963 4.1218634760 0 88 2
P 2.6040728583 18.1247900580 0 37 5
P 19.8337564868 3.7494244938 0 37 5
