P 11.1749431582 11.8373503871 0 89 2
P 11.8454363448 14.6856154182 1 100 5
P 10.5044499716 8.9890853560 2 100 5
P 19.7784457495 9.9276495618 0 64 1
P 2.5714405669 13.7470512124 0 64 1
P 1.1660036950 22.5993215625 0 48 1
P 21.1838826214 1.0753792117 0 48 1
P 17.3731294184 22.2524244520 0 37 1
P 4.9767568980 1.4222763221 0 37 1
P 21.3401297623 11.0088057655 0 64 1
P 1.0097565542 12.6658950086 0 64 1
P 13.6437887358 0.0000000000 0 71 2
P 8.7060975807 23.6747007742 0 71 2
P 14.7635940236 10.7019435472 0 2 4
P 7.5862922928 12.9727572270 0 2 4
P 17.1706523432 13.4480262356 0 77 4
P 5.1792339732 10.2266745386 0 77 4
P 8.8718735149 0.4486443066 0 20 2
P 13.4780128015 23.2260564676 0 20 2
P 1.4660055156 7.0198297815 0 35 3
P 20.8838808008 16.6548709927 0 35 3
P 0.0000000000 8.7435057016 0 24 5
P 22.3498863164 14.9311950726 0 24 5
