P 11.4158110654 11.2659124842 0 102 2
P 3.7675910061 0.0000000000 1 100 5
P 19.0640311248 22.5318249684 2 100 5
P 16.2942047958 4.5004635873 0 69 1
P 6.5374173351 18.0313613811 0 69 1
P 14.6890076303 4.1504220618 0 35 5
P 8.1426145006 18.3814029066 0 35 5
P 19.0015778437 12.7748321678 0 84 5
P 3.8300442872 9.7569928006 0 84 5
P 0.0000000000 9.7046073921 0 18 1
P 22.8316221309 12.8272175763 0 18 1
P 1.5773298912 3.7078175758 0 74 4
P 21.2542922397 18.8240073926 0 74 4
P 1.1389760136 7.1053617725 0 32 1
P 21.6926461173 15.4264631959 0 32 1
P 9.5367820155 16.7568355707 0 82 3
P 13.2948401154 5.7749893977 0 82 3
P 18.5644837549 9.0814653563 0 57 2
P 4.2671383760 13.4503596121 0 57 2
P 17.4901667706 19.8052007900 0 25 5
P 5.3414553603 2.7266241784 0 25 5
P 22.6625464984 16.2792984639 0 33 3
P 0.1690756325 6.2525265045 0 33 3
