P 9.9463861971 11.6431559845 0 121 5
P 5.8720776639 22.3996886514 1 100 5
P 14.0206947303 0.8866233176 2 100 5
P 3.5099089955 16.3853555956 0 90 2
P 16.3828633987 6.9009563734 0 90 2
P 10.5053385986 22.3574099965 0 6 1
P 9.3874337956 0.9289019725 0 6 1
P 12.7143677223 17.3593765538 0 43 4
P 7.1784046719 5.9269354152 0 43 4
P 19.8927723942 5.4884235164 0 64 5
P 0.0000000000 17.7978884526 0 64 5
P 12.4793417557 0.0706497543 0 58 3
P 7.4134306385 23.2156622147 0 58 3
P 4.3404841303 0.0000000000 0 1 3
P 15.5522882639 23.2863119690 0 1 3
P 18.2325572600 20.8266814251 0 74 3
P 1.6602151342 2.4596305439 0 74 3
P 12.5696742471 13.4276793779 0 75 2
P 7.3230981471 9.8586325911 0 75 2
P 6.2431519996 11.6831589555 0 69 1
P 13.6496203946 11.6031530135 0 69 1
P 3.7851769821 8.9156666456 0 14 3
P 16.1075954121 14.3706453234 0 14 3
