P 11.8426622338 11.9596908297 0 100 5
P 17.9770915643 21.0731196099 1 100 5
P 5.7082329033 2.8462620496 2 100 5
P 7.3188594187 11.4737984658 0 80 4
P 16.3664650489 12.4455831937 0 80 4
P 22.8553321769 23.9193816595 0 7 3
P 0.8299922908 0.0000000000 0 7 3
P 7.6285080778 17.8334755380 0 26 4
P 16.0568163898 6.0859061214 0 26 4
P 3.6069816881 3.9808360999 0 84 4
P 20.0783427796 19.9385455595 0 84 4
P 21.8928609113 6.3573633596 0 64 2
P 1.7924635563 17.5620182998 0 64 2
P 0.0000000000 21.2860314672 0 76 3
P 23.6853244676 2.6333501923 0 76 3
P 9.1695239658 7.5438877250 0 56 5
P 14.5158005018 16.3754939345 0 56 5
P 5.8930763709 11.6777699729 0 72 1
P 17.7922480967 12.2416116866 0 72 1
P 4.9155583039 22.6949026395 0 11 4
P 18.7697661637 1.2244790199 0 11 4
P 10.4848793006 4.3003892070 0 38 3
P 13.2004451671 19.6189924524 0 38 3
