P 11.7103656381 11.1009047178 0 47 2
P 3.4865170092 21.7793669416 1 100 5
P 19.9342142669 0.4224424941 2 100 5
P 13.9450765750 16.9815645537 0 11 1
P 9.4756547011 5.2202448820 0 11 1
P 21.2787789975 16.7374413779 0 68 2
P 2.1419522786 5.4643680578 0 68 2
P 11.4359490712 0.0372748487 0 61 3
P 11.9847822050 22.1645345870 0 61 3
P 21.3952136965 9.6044190846 0 31 5
P 2.0255175796 12.5973903510 0 31 5
P 9.5770279303 3.4287943624 0 60 2
P 13.8437033458 18.7730150732 0 60 2
P 2.4374668250 1.9715533056 0 77 3
P 20.9832644511 20.2302561300 0 77 3
P 21.8682722128 1.6730282534 0 27 4
P 1.5524590634 20.5287811823 0 27 4
P 20.5014108598 22.2018094357 0 71 1
P 2.9193204164 0.0000000000 0 71 1
P 18.9005636449 14.8267165494 0 69 3
P 4.5201676312 7.3750928862 0 69 3
P 23.4207312761 5.5366515735 0 38 1
P 0.0000000000 16.6651578622 0 38 1
