P 11.4703915155 9.5975827178 0 3 3
P 7.0411441398 12.3536771062 1 100 5
P 15.8996388912 6.8414883294 2 100 5
P 2.7400505735 1.1917368027 0 66 5
P 20.2007324575 18.0034286329 0 66 5
P 3.1924378581 19.1951654356 0 76 3
P 19.7483451729 0.0000000000 0 76 3
P 9.3995886784 7.3937812726 0 87 5
P 13.5411943527 11.8013841630 0 87 5
P 16.6692825129 13.1345254828 0 34 5
P 6.2715005181 6.0606399528 0 34 5
P 1.2914451848 15.1576305384 0 11 1
P 21.6493378462 4.0375348972 0 11 1
P 10.8246939766 11.1126496278 0 50 1
P 12.1160890544 8.0825158078 0 50 1
P 8.7008420771 16.4878051729 0 1 1
P 14.2399409540 2.7073602627 0 1 1
P 0.0000000000 4.0861515114 0 89 5
P 22.9407830310 15.1090139242 0 89 5
P 9.8415736970 0.8640921360 0 4 5
P 13.0992093340 18.3310732996 0 4 5
P 3.1450862463 17.9134450801 0 67 2
P 19.7956967847 1.2817203555 0 67 2
