P 7.8498738920 9.0023792640 0 117 4
P 15.6997477840 16.4117138648 1 100 5
P 0.0000000000 1.5930446632 2 100 5
P 6.3410987124 6.1233395781 0 72 3
P 9.3586490716 11.8814189499 0 72 3
P 5.6078406082 14.7682360333 0 64 4
P 10.0919071757 3.2365224946 0 64 4
P 13.0796711960 9.8088299599 0 87 3
P 2.6200765880 8.1959285681 0 87 3
P 5.4994617732 0.2668553219 0 62 3
P 10.2002860108 17.7379032061 0 62 3
P 2.3024721952 11.9052973268 0 63 2
P 13.3972755888 6.0994612011 0 63 2
P 10.3307664884 14.1953180093 0 45 4
P 5.3689812956 3.8094405187 0 45 4
P 4.3490984692 11.2759517942 0 60 3
P 11.3506493148 6.7288067338 0 60 3
P 3.6770804663 15.5232148840 0 23 1
P 12.0226673177 2.4815436440 0 23 1
P 12.9551683229 0.5289837142 0 73 4
P 2.7445794611 17.4757748138 0 73 4
P 6.1709329351 18.0047585280 0 61 5
P 9.5288148489 0.0000000000 0 61 5
