P 11.5302137843 10.3853208400 0 63 4
P 17.0856510441 0.0000000000 1 100 5
P 5.9747765246 20.7706416801 2 100 5
P 16.4399820400 15.5970757174 0 6 3
P 6.6204455287 5.1735659626 0 6 3
P 3.0288447614 16.8969206309 0 54 4
P 20.0315828072 3.8737210491 0 54 4
P 15.5222226566 1.9224157338 0 61 5
P 7.5382049120 18.8482259463 0 61 5
P 4.6696400653 13.9546354315 0 6 2
P 18.3907875033 6.8160062485 0 6 2
P 11.4392214668 7.1240014823 0 20 2
P 11.6212061019 13.6466401978 0 20 2
P 23.0604275686 17.0661221261 0 55 4
P 0.0000000000 3.7045195540 0 55 4
P 15.7748762741 10.7811699945 0 25 5
P 7.2855512945 9.9894716856 0 25 5
P 21.9886583756 10.5257908000 0 31 4
P 1.0717691931 10.2448508801 0 31 4
P 9.4364118039 6.2710957728 0 20 1
P 13.6240157647 14.4995459073 0 20 1
P 19.5712687288 0.3389708140 0 41 2
P 3.4891588398 20.4316708661 0 41 2
