P 11.1646621840 9.9989634226 0 80 4
P 16.0793661624 9.2014712098 1 100 5
P 6.2499582056 10.7964556354 2 100 5
P 0.9034479374 6.4962387715 0 16 2
P 21.4258764306 13.5016880737 0 16 2
P 6.9300405716 0.3831942995 0 8 1
P 15.3992837964 19.6147325457 0 8 1
P 6.1451238930 4.4351064461 0 36 4
P 16.1842004750 15.5628203991 0 36 4
P 2.4563724479 14.5208782029 0 3 2
P 19.8729519201 5.4770486423 0 3 2
P 19.1137994852 15.4068404397 0 20 3
P 3.2155248828 4.5910864055 0 20 3
P 18.6724120627 2.3095877716 0 61 1
P 3.6569123053 17.6883390736 0 61 1
P 13.2179046937 14.7048877996 0 3 2
P 9.1114196743 5.2930390456 0 3 2
P 0.0000000000 19.7121263993 0 13 2
P 22.3293243680 0.2858004459 0 13 2
P 7.2654714620 8.3627592810 0 63 1
P 15.0638529060 11.6351675642 0 63 1
P 15.4039996787 0.0000000000 0 61 2
P 6.9253246893 19.9979268452 0 61 2
