P 11.6401234119 9.6764382882 0 89 1
P 23.2802468239 16.2169703693 1 100 5
P 0.0000000000 3.1359062072 2 100 5
P 7.5865319426 5.3577600786 0 2 4
P 15.6937148812 13.9951164979 0 2 4
P 16.7087636741 15.7722717989 0 27 5
P 6.5714831498 3.5806047776 0 27 5
P 14.1046767119 16.6779973453 0 3 4
P 9.1755701120 2.6748792312 0 3 4
P 1.2360649950 11.4075614203 0 30 1
P 22.0441818289 7.9453151561 0 30 1
P 2.4765356189 18.3750130186 0 36 1
P 20.8037112050 0.9778635579 0 36 1
P 0.2730486654 11.7384853223 0 52 1
P 23.0071981584 7.6143912542 0 52 1
P 19.5273363300 0.6522548610 0 29 3
P 3.7529104938 18.7006217154 0 29 3
P 23.1960137429 9.2227687429 0 26 4
P 0.0842330810 10.1301078336 0 26 4
P 21.8340024273 19.3528765764 0 57 1
P 1.4462443966 0.0000000000 0 57 1
P 10.2623808426 6.8245642499 0 81 4
P 13.0178659812 12.5283123265 0 81 4
