P 10.6591058110 11.5125670451 0 44 1
P 20.3242359451 4.6416283764 1 100 5
P 0.9939756768 18.3835057137 2 100 5
P 11.9297131961 2.0849566558 0 76 1
P 9.3884984258 20.9401774343 0 76 1
P 11.0433348089 16.4370391426 0 46 4
P 10.2748768130 6.5880949475 0 46 4
P 3.8506591869 2.1409370737 0 45 2
P 17.4675524350 20.8841970165 0 45 2
P 21.3182116219 7.9852862954 0 11 3
P 0.0000000000 15.0398477947 0 11 3
P 8.8365833277 1.4360738847 0 73 2
P 12.4816282942 21.5890602054 0 73 2
P 5.0223034669 20.6489706386 0 69 4
P 16.2959081550 2.3761634516 0 69 4
P 5.1970107996 16.2814348210 0 51 3
P 16.1212008223 6.7436992691 0 51 3
P 19.4658230514 13.7218385147 0 15 5
P 1.8523885705 9.3032955754 0 15 5
P 16.5705990700 0.0000000000 0 30 2
P 4.7476125520 23.0251340901 0 30 2
P 19.2879443698 19.9140841039 0 45 4
P 2.0302672521 3.1110499862 0 45 4
