P 11.8030609041 11.3354035633 0 134 0
P 6.5360823382 16.8759722544 1 100 5
P 17.0700394700 5.7948348722 2 100 5
P 23.6061218082 16.2169331424 0 64 1
P 0.0000000000 6.4538739842 0 64 1
P 11.2829330869 7.8222038578 0 18 1
P 12.3231887213 14.8486032688 0 18 1
P 17.8883488462 3.8317535864 0 3 5
P 5.7177729620 18.8390535402 0 3 5
P 14.5918021124 7.6367558929 0 44 1
P 9.0143196958 15.0340512337 0 44 1
P 2.8646052356 13.8969819466 0 51 1
P 20.7415165726 8.7738251800 0 51 1
P 0.2905339469 1.7468670313 0 34 2
P 23.3155878613 20.9239400953 0 34 2
P 10.0715186992 22.6708071266 0 68 5
P 13.5346031090 0.0000000000 0 68 5
P 14.1019266038 8.8391666247 0 50 1
P 9.5041952044 13.8316405019 0 50 1
P 7.9502198379 7.0833902897 0 22 4
P 15.6559019703 15.5874168369 0 22 4
P 10.5776168170 1.3985964175 0 3 5
P 13.0285049912 21.2722107091 0 3 5
