P 10.7906590939 10.2616080451 0 112 0
P 5.9839520878 8.9728568124 1 100 5
P 15.5973661001 11.5503592779 2 100 5
P 20.2804266150 15.9721368328 0 7 5
P 1.3008915729 4.5510792575 0 7 5
P 21.5679103112 5.7794202337 0 36 4
P 0.0134078767 14.7437958565 0 36 4
P 6.6402439695 16.4236265217 0 76 5
P 14.9410742184 4.0995895686 0 76 5
P 10.3854242308 20.5232160903 0 86 3
P 11.1958939571 0.0000000000 0 86 3
P 16.3327629586 9.3461951840 0 83 3
P 5.2485552293 11.1770209063 0 83 3
P 0.0000000000 10.7788309070 0 14 1
P 21.5813181879 9.7443851833 0 14 1
P 2.7068153719 7.9003946539 0 29 5
P 18.8745028160 12.6228214364 0 29 5
P 11.7783129131 6.6884994299 0 34 4
P 9.8030052748 13.8347166604 0 34 4
P 5.4115036180 2.3734991295 0 24 1
P 16.1698145699 18.1497169608 0 24 1
P 4.5302097715 16.0193589889 0 2 4
P 17.0511084164 4.5038571014 0 2 4
