P 8.8314245205 11.8268706444 0 29 3
P 8.7186225692 22.1945132404 1 100 5
P 8.9442264719 1.4592280484 2 100 5
P 6.7743814883 5.1310535309 0 27 3
P 10.8884675528 18.5226877580 0 27 3
P 0.0000000000 19.1302664883 0 55 5
P 17.6628490411 4.5234748005 0 55 5
P 12.5302629127 23.6537412888 0 41 5
P 5.1325861283 0.0000000000 0 41 5
P 15.1587822342 20.0198617047 0 34 2
P 2.5040668069 3.6338795842 0 34 2
P 6.4003376342 14.9056387113 0 87 3
P 11.2625114069 8.7481025776 0 87 3
P 1.3681530490 12.4707118656 0 15 4
P 16.2946959921 11.1830294233 0 15 4
P 3.6805484676 18.2100068001 0 52 4
P 13.9823005735 5.4437344888 0 52 4
P 14.9285011345 17.5210941549 0 19 4
P 2.7343479066 6.1326471339 0 19 4
P 13.6398330921 10.9152083720 0 29 3
P 4.0230159489 12.7385329168 0 29 3
P 15.3605162649 6.9956116134 0 36 2
P 2.3023327762 16.6581296755 0 36 2
