P 11.5338923669 10.8256588762 0 125 5
P 0.0000000000 14.1530721835 1 100 5
P 23.0677847339 7.4982455688 2 100 5
P 2.2126635169 0.0000000000 0 45 3
P 20.8551212169 21.6513177524 0 45 3
P 22.0349225695 5.8894152897 0 87 1
P 1.0328621643 15.7619024626 0 87 1
P 11.4749163379 18.3003965454 0 8 3
P 11.5928683960 3.3509212070 0 8 3
P 5.7867728336 2.5557205422 0 80 5
P 17.2810119002 19.0955972101 0 80 5
P 14.9334817787 10.5471476378 0 36 3
P 8.1343029552 11.1041701145 0 36 3
P 9.9283607495 11.8037963351 0 53 3
P 13.1394239844 9.8475214173 0 53 3
P 7.5917468890 14.6307956815 0 14 5
P 15.4760378449 7.0205220708 0 14 5
P 17.1140969883 13.4108108034 0 65 4
P 5.9536877456 8.2405069490 0 65 4
P 18.8079285945 10.7292498431 0 21 4
P 4.2598561394 10.9220679093 0 21 4
P 4.8766640324 14.9619564449 0 81 5
P 18.1911207014 6.6893613075 0 81 5
