P 11.4427323973 10.2483751546 0 56 5
P 14.7720475697 0.0000000000 1 100 5
P 8.1134172250 20.4967503092 2 100 5
P 21.3088391734 11.6207361062 0 12 3
P 1.5766256213 8.8760142030 0 12 3
P 19.2036147907 12.8082436074 0 41 3
P 3.6818500039 7.6885067019 0 41 3
P 22.8854647947 17.5668750986 0 1 2
P 0.0000000000 2.9298752106 0 1 2
P 6.3698435161 15.5994348823 0 45 3
P 16.5156212786 4.8973154269 0 45 3
P 13.1912815620 14.4364495330 0 67 4
P 9.6941832327 6.0603007763 0 67 4
P 0.1126573496 17.9821462319 0 90 2
P 22.7728074451 2.5146040773 0 90 2
P 20.5182075567 2.8027139164 0 22 4
P 2.3672572380 17.6940363929 0 22 4
P 2.4560792824 10.9370047960 0 12 5
P 20.4293855122 9.5597455133 0 12 5
P 14.8826207758 2.6726422186 0 42 1
P 8.0028440189 17.8241080907 0 42 1
P 19.0744652364 10.4698549738 0 24 3
P 3.8109995583 10.0268953354 0 24 3
