P 9.6687555755 11.0028396023 0 96 0
P 1.7679152754 12.5859356980 1 100 5
P 17.5695958756 9.4197435066 2 100 5
P 2.2137660725 21.6361767495 0 61 3
P 17.1237450785 0.3695024551 0 61 3
P 10.5392331543 12.9802160759 0 86 1
P 8.7982779967 9.0254631287 0 86 1
P 12.1977403472 16.4223302716 0 18 2
P 7.1397708038 5.5833489330 0 18 2
P 0.0000000000 22.0056792046 0 8 5
P 19.3375111509 0.0000000000 0 8 5
P 2.6966189543 6.9629989469 0 69 3
P 16.6408921966 15.0426802577 0 69 3
P 15.6115881055 21.5722489128 0 89 2
P 3.7259230455 0.4334302918 0 89 2
P 15.8033615741 7.9117536358 0 69 1
P 3.5341495768 14.0939255688 0 69 1
P 13.9152939799 0.0329638962 0 56 4
P 5.4222171710 21.9727153084 0 56 4
P 2.5727710097 8.3534277250 0 14 2
P 16.7647401413 13.6522514796 0 14 2
P 17.7118027419 4.0588724734 0 58 2
P 1.6257084090 17.9468067312 0 58 2
