P 11.4424276090 11.0873666031 0 13 5
P 22.8848552180 0.0000000000 1 100 5
P 0.0000000000 22.1747332062 2 100 5
P 7.1736702880 16.0133156478 0 23 5
P 15.7111849300 6.1614175584 0 23 5
P 8.3785025069 6.8391846919 0 88 2
P 14.5063527111 15.3355485143 0 88 2
P 10.0045409449 1.9977896460 0 20 2
P 12.8803142730 20.1769435602 0 20 2
P 1.5869010299 17.2328877396 0 27 4
P 21.2979541880 4.9418454666 0 27 4
P 19.3122641880 9.2921751256 0 47 5
P 3.5725910299 12.8825580806 0 47 5
P 6.5918545049 6.1037097196 0 73 1
P 16.2930007131 16.0710234866 0 73 1
P 7.2007388676 17.5578731414 0 64 1
P 15.6841163504 4.6168600648 0 64 1
P 13.3975197648 11.3213461310 0 43 4
P 9.4873354532 10.8533870752 0 43 4
P 2.1349123852 11.7866430496 0 87 4
P 20.7499428328 10.3880901566 0 87 4
P 22.2476779312 13.2069263787 0 9 2
P 0.6371772868 8.9678068275 0 9 2
