P 10.8773174451 11.4960569533 0 78 1
P 11.7701015369 12.9579225660 1 100 5
P 9.9845333532 10.0341913407 2 100 5
P 8.9962071518 22.9921139067 0 15 5
P 12.7584277384 0.0000000000 0 15 5
P 0.2889248506 17.0739677048 0 33 5
P 21.4657100396 5.9181462019 0 33 5
P 11.0834694847 22.5356090121 0 10 1
P 10.6711654055 0.4565048945 0 10 1
P 17.6739938542 5.4188659129 0 50 1
P 4.0806410359 17.5732479937 0 50 1
P 13.8925753231 11.1047337528 0 52 4
P 7.8620595671 11.8873801538 0 52 4
P 21.7546348902 16.0333464742 0 35 3
P 0.0000000000 6.9587674325 0 35 3
P 6.5524998211 13.6574497515 0 15 5
P 15.2021350691 9.3346641551 0 15 5
P 14.7443996050 6.0185922864 0 66 1
P 7.0102352852 16.9735216203 0 66 1
P 18.4052895984 12.7114471432 0 11 5
P 3.3493452918 10.2806667635 0 11 5
P 16.9679895921 7.8882223088 0 73 1
P 4.7866452981 15.1038915979 0 73 1
