P 11.7809771765 11.8787639178 0 34 1
P 9.1947290304 2.7892634596 1 100 5
P 14.3672253225 20.9682643760 2 100 5
P 13.0972266228 1.6597675126 0 69 5
P 10.4647277301 22.0977603230 0 69 5
P 17.6651752595 14.2858465980 0 77 2
P 5.8967790934 9.4716812376 0 77 2
P 13.4118842961 0.0000000000 0 12 1
P 10.1500700568 23.7575278356 0 12 1
P 14.8565489777 0.5306704437 0 74 4
P 8.7054053752 23.2268573919 0 74 4
P 15.2226225024 8.4460501914 0 73 4
P 8.3393318505 15.3114776442 0 73 4
P 23.5619543529 5.0940372527 0 37 3
P 0.0000000000 18.6634905829 0 37 3
P 15.4411198477 18.3987006737 0 26 1
P 8.1208345052 5.3588271619 0 26 1
P 14.7597762790 15.3236716761 0 15 4
P 8.8021780739 8.4338561595 0 15 4
P 4.6285946790 3.5559502811 0 3 2
P 18.9333596739 20.2015775545 0 3 2
P 5.8986824895 16.0751310047 0 28 1
P 17.6632718634 7.6823968309 0 28 1
