P 11.8515562713 10.9060418082 0 13 1
P 6.4921556894 21.8120836163 1 100 5
P 17.2109568532 0.0000000000 2 100 5
P 12.8341042932 7.2262452504 0 72 4
P 10.8690082493 14.5858383660 0 72 4
P 3.4532848530 5.6518474719 0 45 5
P 20.2498276895 16.1602361445 0 45 5
P 22.4118943285 6.9700111800 0 17 3
P 1.2912182140 14.8420724363 0 17 3
P 0.7522640472 19.4316164319 0 52 3
P 22.9508484953 2.3804671844 0 52 3
P 7.1218466682 12.3462163742 0 82 5
P 16.5812658743 9.4658672422 0 82 5
P 2.6941448233 0.7185085473 0 39 3
P 21.0089677193 21.0935750690 0 39 3
P 17.3981013264 19.0644872177 0 34 1
P 6.3050112162 2.7475963986 0 34 1
P 23.7031125426 14.8773483576 0 46 3
P 0.0000000000 6.9347352588 0 46 3
P 16.8083360234 15.2161786070 0 77 1
P 6.8947765191 6.5959050093 0 77 1
P 19.2951346569 20.2199252332 0 42 5
P 4.4079778857 1.5921583831 0 42 5
