P 11.5768902394 10.1286195009 0 141 3
P 22.6826716435 19.2595624745 1 100 5
P 0.4711088353 0.9976765274 2 100 5
P 13.3940067080 20.2572390019 0 20 5
P 9.7597737708 0.0000000000 0 20 5
P 9.5654450063 3.8670421084 0 4 3
P 13.5883354725 16.3901968935 0 4 3
P 16.2005364858 14.2046376910 0 19 5
P 6.9532439930 6.0526013109 0 19 5
P 20.4607140432 17.2425331532 0 59 5
P 2.6930664356 3.0147058487 0 59 5
P 0.5756912047 2.8558424140 0 87 4
P 22.5780892741 17.4013965878 0 87 4
P 22.4890760776 14.5220542454 0 7 5
P 0.6647044012 5.7351847565 0 7 5
P 0.0000000000 19.8189798006 0 68 5
P 23.1537804788 0.4382592012 0 68 5
P 23.0203211566 3.3330435351 0 50 5
P 0.1334593222 16.9241954668 0 50 5
P 19.3709102467 15.3820323086 0 1 2
P 3.7828702321 4.8752066933 0 1 2
P 5.6435619271 15.6253032851 0 75 1
P 17.5102185517 4.6319357168 0 75 1
