P 10.4130825024 9.9619163941 0 76 1
P 18.2529261620 7.9595300089 1 100 5
P 2.5732388428 11.9643027792 2 100 5
P 0.9471194467 3.1694639221 0 39 1
P 19.8790455581 16.7543688660 0 39 1
P 2.1893361104 5.8439077860 0 84 2
P 18.6368288944 14.0799250021 0 84 2
P 12.5623507883 13.6377994524 0 21 4
P 8.2638142165 6.2860333357 0 21 4
P 20.8261650048 9.9531573919 0 68 5
P 0.0000000000 9.9706753963 0 68 5
P 3.2452391151 14.3556038305 0 1 3
P 17.5809258897 5.5682289576 0 1 3
P 7.0226956771 4.4823079772 0 55 1
P 13.8034693277 15.4415248110 0 55 1
P 2.7224078688 9.2111184842 0 46 1
P 18.1037571361 10.7127143039 0 46 1
P 4.0882787267 6.0602489705 0 51 5
P 16.7378862781 13.8635838176 0 51 5
P 17.0272658023 17.8409516983 0 3 2
P 3.7988992026 2.0828810898 0 3 2
P 18.3883299125 0.0000000000 0 61 5
P 2.4378350923 19.9238327881 0 61 5
