P 9.8037995356 10.5841078271 0 115 1
P 19.6075990711 1.2903726644 1 100 5
P 0.0000000000 19.8778429897 2 100 5
P 10.8839038189 0.0000000000 0 10 2
P 8.7236952523 21.1682156541 0 10 2
P 16.1888964363 9.8680088841 0 68 1
P 3.4187026348 11.3002067700 0 68 1
P 5.9618050321 21.0238019500 0 15 3
P 13.6457940390 0.1444137041 0 15 3
P 5.3548686461 16.7985346394 0 75 4
P 14.2527304250 4.3696810148 0 75 4
P 6.3073958620 2.6172989036 0 79 3
P 13.3002032091 18.5509167506 0 79 3
P 9.9489797675 19.0349431660 0 82 4
P 9.6586193036 2.1332724882 0 82 4
P 17.5266190976 17.2305977813 0 73 4
P 2.0809799736 3.9376178728 0 73 4
P 8.9924212585 13.9560963134 0 69 1
P 10.6151778127 7.2121193407 0 69 1
P 12.7864197019 14.3805206358 0 31 3
P 6.8211793692 6.7876950183 0 31 3
P 2.4715153003 18.3450092194 0 23 1
P 17.1360837708 2.8232064347 0 23 1
