P 10.3093578812 9.4299103612 0 32 4
P 14.9468129275 18.8598207223 1 100 5
P 5.6719028348 0.0000000000 2 100 5
P 0.0000000000 3.8051975993 0 77 2
P 20.6187157623 15.0546231230 0 77 2
P 6.5019703504 8.7922818961 0 74 4
P 14.1167454119 10.0675388263 0 74 4
P 15.2626110817 11.6008314555 0 34 5
P 5.3561046807 7.2589892669 0 34 5
P 5.9591958630 10.2441696716 0 73 1
P 14.6595198993 8.6156510507 0 73 1
P 10.7238432138 2.0933975899 0 85 5
P 9.8948725485 16.7664231324 0 85 5
P 9.9821032719 5.2069879075 0 37 3
P 10.6366124904 13.6528328149 0 37 3
P 1.4266628906 3.0380515221 0 11 5
P 19.1920528717 15.8217692002 0 11 5
P 2.0199668598 13.5623524612 0 67 4
P 18.5987489025 5.2974682612 0 67 4
P 12.3360883473 3.5443371598 0 70 1
P 8.2826274150 15.3154835625 0 70 1
P 19.8878605822 10.1836260395 0 74 3
P 0.7308551801 8.6761946829 0 74 3
