P 10.9276149997 8.6853140343 0 105 0
P 13.3962173009 14.9800714531 1 100 5
P 8.4590126985 2.3905566154 2 100 5
P 8.5916572773 5.5270250080 0 68 5
P 13.2635727220 11.8436030605 0 68 5
P 10.9761376388 0.7926254088 0 50 1
P 10.8790923606 16.5780026597 0 50 1
P 7.9031515177 12.0098879775 0 61 3
P 13.9520784817 5.3607400910 0 61 3
P 20.5090701982 4.5231313157 0 32 4
P 1.3461598012 12.8474967528 0 32 4
P 0.0000000000 4.7358967971 0 17 1
P 21.8552299994 12.6347312715 0 17 1
P 12.1014186284 1.7868180540 0 80 5
P 9.7538113710 15.5838100146 0 80 5
P 1.3714261151 10.9928654421 0 4 5
P 20.4838038842 6.3777626265 0 4 5
P 1.2472786403 0.0000000000 0 29 4
P 20.6079513590 17.3706280685 0 29 4
P 6.0877221278 16.4873572440 0 48 2
P 15.7675078716 0.8832708245 0 48 2
P 21.6045060748 10.2409853028 0 1 3
P 0.2507239245 7.1296427658 0 1 3
