P 11.9077425264 11.9912353344 0 86 5
P 8.9640642351 15.7674490585 1 100 5
P 14.8514208176 8.2150216103 2 100 5
P 4.9662750878 0.0000000000 0 10 4
P 18.8492099649 23.9824706688 0 10 4
P 16.4091997185 22.9770100468 0 42 3
P 7.4062853342 1.0054606220 0 42 3
P 10.6845887049 5.3068420955 0 60 3
P 13.1308963478 18.6756285733 0 60 3
P 17.7184820291 16.7036636380 0 80 4
P 6.0970030236 7.2788070308 0 80 4
P 3.3603747867 12.0405559195 0 78 5
P 20.4551102660 11.9419147493 0 78 5
P 1.7469589863 18.0933656884 0 1 2
P 22.0685260664 5.8891049805 0 1 2
P 23.8154850527 14.2262196667 0 64 3
P 0.0000000000 9.7562510021 0 64 3
P 20.8858275313 2.6903102646 0 23 2
P 2.9296575214 21.2921604042 0 23 2
P 15.9601471014 19.4094691080 0 51 5
P 7.8553379513 4.5730015609 0 51 5
P 17.2415346841 20.1552600181 0 11 1
P 6.5739503686 3.8272106507 0 11 1
