P 11.0355052145 10.8941414838 0 115 0
P 15.4111827853 1.3962069995 1 100 5
P 6.6598276437 20.3920759681 2 100 5
P 10.7204594283 0.0000000000 0 4 2
P 11.3505510006 21.7882829676 0 4 2
P 21.0399418019 9.7519000959 0 51 2
P 1.0310686270 12.0363828717 0 51 2
P 5.3897077864 17.1243940892 0 59 1
P 16.6813026426 4.6638888783 0 59 1
P 13.7575522060 21.7837305772 0 67 2
P 8.3134582230 0.0045523904 0 67 2
P 19.8833189262 15.0217956675 0 28 1
P 2.1876915028 6.7664873001 0 28 1
P 13.5534378378 19.6980956243 0 16 3
P 8.5175725912 2.0901873433 0 16 3
P 0.0000000000 9.7970583033 0 36 4
P 22.0710104290 11.9912246643 0 36 4
P 20.4795027274 20.9347591430 0 86 1
P 1.5915077016 0.8535238246 0 86 1
P 2.5543984870 12.4084591801 0 43 2
P 19.5166119420 9.3798237875 0 43 2
P 9.5556106087 16.2363781911 0 71 4
P 12.5153998203 5.5519047765 0 71 4
