P 11.2091197873 10.9583336299 0 111 3
P 0.1381932479 14.4007130653 1 100 5
P 22.2800463266 7.5159541945 2 100 5
P 12.9721094232 16.2362822574 0 65 3
P 9.4461301513 5.6803850023 0 65 3
P 8.0764296409 7.2118592223 0 8 5
P 14.3418099336 14.7048080374 0 8 5
P 1.3847671881 2.8562979370 0 13 5
P 21.0334723864 19.0603693228 0 13 5
P 7.4982392489 17.9884243836 0 34 3
P 14.9200003256 3.9282428762 0 34 3
P 1.4575652241 0.1220522505 0 8 5
P 20.9606743504 21.7946150093 0 8 5
P 19.3681690738 20.9209225096 0 79 3
P 3.0500705007 0.9957447501 0 79 3
P 10.4314531224 0.0000000000 0 37 3
P 11.9867864521 21.9166672597 0 37 3
P 5.3711491351 6.7793887869 0 25 5
P 17.0470904394 15.1372784728 0 25 5
P 17.7209614575 13.3843252243 0 40 3
P 4.6972781170 8.5323420354 0 40 3
P 22.4182395745 5.0051278968 0 26 3
P 0.0000000000 16.9115393630 0 26 3
