P 9.4619039403 11.5296693182 0 22 3
P 7.4821131154 18.4684000431 1 100 5
P 11.4416947652 4.5909385934 2 100 5
P 0.1410156917 16.5694499781 0 43 5
P 18.7827921889 6.4898886584 0 43 5
P 14.6999279537 0.4583339320 0 71 5
P 4.2238799269 22.6010047045 0 71 5
P 10.5918086028 6.2446180727 0 77 4
P 8.3319992778 16.8147205638 0 77 4
P 0.4324626905 0.2034057342 0 58 2
P 18.4913451901 22.8559329023 0 58 2
P 7.4004450700 11.1407421965 0 80 1
P 11.5233628106 11.9185964400 0 80 1
P 0.5586100259 18.4220678272 0 41 2
P 18.3651978547 4.6372708093 0 41 2
P 10.3897024492 0.7705955433 0 80 3
P 8.5341054314 22.2887430932 0 80 3
P 0.0000000000 23.0593386365 0 13 2
P 18.9238078806 0.0000000000 0 13 2
P 4.6570317216 4.9383636743 0 60 1
P 14.2667761590 18.1209749622 0 60 1
P 12.8745696742 14.1634998578 0 84 5
P 6.0492382064 8.8958387787 0 84 5
