P 11.8972988482 10.4556738470 0 25 0
P 7.7336341086 17.9713747096 1 100 5
P 16.0609635878 2.9399729844 2 100 5
P 12.0948608732 4.3673260129 0 78 2
P 11.6997368233 16.5440216811 0 78 2
P 2.1829770287 20.4806587986 0 81 2
P 21.6116206678 0.4306888954 0 81 2
P 9.7548861377 0.0000000000 0 54 5
P 14.0397115587 20.9113476940 0 54 5
P 17.2713173910 17.6635289643 0 74 5
P 6.5232803054 3.2478187297 0 74 5
P 0.0000000000 4.2244645758 0 19 1
P 23.7945976965 16.6868831182 0 19 1
P 15.7456852793 8.7945849357 0 1 1
P 8.0489124172 12.1167627583 0 1 1
P 2.8493274904 8.3740566225 0 43 5
P 20.9452702061 12.5372910715 0 43 5
P 23.7203126493 5.6493040504 0 88 4
P 0.0742850471 15.2620436436 0 88 4
P 16.7908441985 1.7926893257 0 36 1
P 7.0037534980 19.1186583683 0 36 1
P 22.8003682603 15.2543404343 0 31 4
P 0.9942294362 5.6570072597 0 31 4
