P 10.1975803017 11.0483379362 0 135 3
P 4.1496480266 0.8687105088 1 100 5
P 16.2455125768 21.2279653636 2 100 5
P 16.9216650596 8.7074370479 0 17 5
P 3.4734955438 13.3892388245 0 17 5
P 0.0000000000 3.3811548770 0 45 3
P 20.3951606034 18.7155209954 0 45 3
P 18.1336786640 22.0966758724 0 44 3
P 2.2614819394 0.0000000000 0 44 3
P 13.7769994675 17.0892515856 0 7 5
P 6.6181611360 5.0074242868 0 7 5
P 12.5460091113 21.4792148055 0 21 2
P 7.8491514921 0.6174610668 0 21 2
P 18.6204146134 5.8237101151 0 22 1
P 1.7747459900 16.2729657572 0 22 1
P 2.8145156919 20.2560304711 0 64 4
P 17.5806449115 1.8406454012 0 64 4
P 14.5892050915 11.1295580052 0 73 1
P 5.8059555119 10.9671178672 0 73 1
P 3.3728841737 2.0703746253 0 72 1
P 17.0222764297 20.0263012471 0 72 1
P 10.4090413047 9.6376517885 0 9 2
P 9.9861192987 12.4590240839 0 9 2
