P 10.8303953779 10.5543205381 0 4 3
P 21.6607907558 10.8059487163 1 100 5
P 0.0000000000 10.3026923598 2 100 5
P 11.5934393321 14.3409518335 0 58 2
P 10.0673514237 6.7676892427 0 58 2
P 0.6455348489 12.3203062462 0 87 2
P 21.0152559069 8.7883348299 0 87 2
P 7.7827777601 14.1170612867 0 26 5
P 13.8780129957 6.9915797894 0 26 5
P 16.5740966146 13.5745315174 0 55 3
P 5.0866941412 7.5341095588 0 55 3
P 4.1007740991 3.4202850767 0 11 3
P 17.5600166567 17.6883559995 0 11 3
P 7.0383927801 0.8335192559 0 70 4
P 14.6223979757 20.2751218202 0 70 4
P 1.9484627047 13.1555762582 0 78 1
P 19.7123280511 7.9530648179 0 78 1
P 17.6767442640 14.8178747089 0 58 1
P 3.9840464918 6.2907663673 0 58 1
P 18.7568137373 6.2396976161 0 62 2
P 2.9039770185 14.8689434600 0 62 2
P 17.9810651676 21.1086410762 0 61 5
P 3.6797255882 0.0000000000 0 61 5
