P 11.3174906818 11.5349230057 0 64 5
P 0.4507371896 22.2370207604 1 100 5
P 22.1842441741 0.8328252511 2 100 5
P 0.3985748739 18.4560591100 0 63 4
P 22.2364064898 4.6137869015 0 63 4
P 16.6078604126 12.6596425671 0 7 1
P 6.0271209511 10.4102034444 0 7 1
P 2.2019942650 1.5588629100 0 65 1
P 20.4329870987 21.5109831014 0 65 1
P 11.9629251016 5.3027427805 0 86 3
P 10.6720562621 17.7671032310 0 86 3
P 20.5836993727 0.0000000000 0 27 4
P 2.0512819910 23.0698460115 0 27 4
P 15.9565299582 16.7659213861 0 32 5
P 6.6784514055 6.3039246253 0 32 5
P 0.0000000000 1.3429923694 0 76 1
P 22.6349813637 21.7268536421 0 76 1
P 5.3055255388 15.9899965674 0 81 1
P 17.3294558249 7.0798494441 0 81 1
P 8.4200726450 11.8610761491 0 35 1
P 14.2149087186 11.2087698624 0 35 1
P 5.1490794898 14.6225232069 0 60 1
P 17.4859018739 8.4473228046 0 60 1
