P 9.5801062709 9.1276353740 0 28 0
P 0.3778626994 10.2753927247 1 100 5
P 18.7823498423 7.9798780233 2 100 5
P 7.2888150679 6.0070689130 0 4 1
P 11.8713974738 12.2482018350 0 4 1
P 9.9760607690 6.8160798305 0 24 4
P 9.1841517727 11.4391909175 0 24 4
P 19.1194031395 0.0000000000 0 55 1
P 0.0408094023 18.2552707480 0 55 1
P 0.2703413275 8.1285361499 0 12 4
P 18.8898712143 10.1267345981 0 12 4
P 2.4824725712 10.8208596918 0 18 2
P 16.6777399705 7.4344110562 0 18 2
P 7.6717425044 3.6227394537 0 49 3
P 11.4884700373 14.6325312943 0 49 3
P 0.0000000000 13.3469879584 0 75 3
P 19.1602125417 4.9082827896 0 75 3
P 18.3356112564 6.4573372468 0 33 1
P 0.8246012854 11.7979335011 0 33 1
P 2.5968998602 16.1162554100 0 2 2
P 16.5633126815 2.1390153380 0 2 2
P 1.0302049334 14.4847710930 0 72 1
P 18.1300076084 3.7704996550 0 72 1
