P 11.8362466413 10.9037295540 0 120 2
P 17.8974195630 21.8074591080 1 100 5
P 5.7750737196 0.0000000000 2 100 5
P 17.2906757373 7.3040631244 0 11 4
P 6.3818175454 14.5033959836 0 11 4
P 23.5687400903 1.1732163171 0 53 1
P 0.1037531924 20.6342427909 0 53 1
P 12.5561806458 0.7404605059 0 18 1
P 11.1163126368 21.0669986021 0 18 1
P 19.3731505506 16.0164658129 0 58 1
P 4.2993427320 5.7909932951 0 58 1
P 0.0000000000 4.3681812352 0 25 2
P 23.6724932826 17.4392778728 0 25 2
P 12.0995226419 5.9418907980 0 67 5
P 11.5729706407 15.8655683100 0 67 5
P 15.7475668210 15.1432713659 0 29 3
P 7.9249264616 6.6641877421 0 29 3
P 8.0946728531 12.3053684599 0 13 1
P 15.5778204295 9.5020906482 0 13 1
P 10.8676038168 7.4590683243 0 21 3
P 12.8048894659 14.3483907837 0 21 3
P 22.0902127880 20.0365683241 0 6 5
P 1.5822804946 1.7708907839 0 6 5
