P 11.1626971362 11.4581816698 0 41 4
P 17.6948574897 0.8565243503 1 100 5
P 4.6305367827 22.0598389893 2 100 5
P 6.6806519848 20.9196179614 0 6 1
P 15.6447422876 1.9967453782 0 6 1
P 22.3253942724 16.0716152433 0 65 5
P 0.0000000000 6.8447480963 0 65 5
P 11.3538966373 17.5921717551 0 75 3
P 10.9714976351 5.3241915846 0 75 3
P 6.9130061751 17.4015799280 0 10 5
P 15.4123880974 5.5147834116 0 10 5
P 21.5111230233 19.7824782775 0 11 4
P 0.8142712491 3.1338850621 0 11 4
P 3.2901025757 0.0000000000 0 64 2
P 19.0352916967 22.9163633396 0 64 2
P 17.7992710699 8.1331431512 0 7 3
P 4.5261232025 14.7832201884 0 7 3
P 2.3926948445 7.9653966706 0 79 5
P 19.9326994279 14.9509666690 0 79 5
P 4.6171289619 10.3912467645 0 5 4
P 17.7082653106 12.5251165751 0 5 4
P 5.5536867859 1.0086217283 0 77 2
P 16.7717074865 21.9077416113 0 77 2
