P 11.3397967255 11.6283243242 0 110 5
P 20.7143429398 5.7708580750 1 100 5
P 1.9652505112 17.4857905734 2 100 5
P 22.6795934510 0.0000000000 0 61 5
P 0.0000000000 23.2566486484 0 61 5
P 5.8351264293 23.2077195345 0 20 5
P 16.8444670217 0.0489291139 0 20 5
P 17.0976062531 8.3227291778 0 40 5
P 5.5819871979 14.9339194705 0 40 5
P 19.3204254963 12.3987702589 0 8 4
P 3.3591679547 10.8578783895 0 8 4
P 12.1684971108 20.2515265616 0 68 4
P 10.5110963403 3.0051220867 0 68 4
P 5.7387769496 1.1997684597 0 43 1
P 16.9408165014 22.0568801887 0 43 1
P 17.2856610793 5.2613782280 0 62 4
P 5.3939323717 17.9952704203 0 62 4
P 5.4435672642 19.1965555854 0 15 1
P 17.2360261868 4.0600930629 0 15 1
P 14.9516802148 9.2198042761 0 81 5
P 7.7279132362 14.0368443723 0 81 5
P 4.0087652216 8.6306353008 0 5 1
P 18.6708282294 14.6260133476 0 5 1
