P 11.6502798590 11.8610337563 0 136 5
P 4.3974548309 10.7618835593 1 100 5
P 18.9031048871 12.9601839532 2 100 5
P 22.3076862167 0.0000000000 0 66 1
P 0.9928735013 23.7220675125 0 66 1
P 23.3005597180 4.1042616917 0 88 2
P 0.0000000000 19.6178058208 0 88 2
P 16.1698345691 1.5388596210 0 73 4
P 7.1307251489 22.1832078915 0 73 4
P 8.4033916743 23.4385390206 0 1 5
P 14.8971680437 0.2835284919 0 1 5
P 5.0282458675 17.9562285659 0 53 3
P 18.2723138505 5.7658389466 0 53 3
P 19.8100637858 2.2838365646 0 15 5
P 3.4904959322 21.4382309479 0 15 5
P 13.1107153066 12.8798727479 0 16 2
P 10.1898444114 10.8421947646 0 16 2
P 14.9446058997 9.6114797708 0 42 3
P 8.3559538183 14.1105877417 0 42 3
P 1.1713556576 17.8319143359 0 39 2
P 22.1292040604 5.8901531766 0 39 2
P 3.7253281539 3.9069506796 0 8 1
P 19.5752315641 19.8151168329 0 8 1
