P 6.8122469342 10.2342287205 0 53 1
P 7.6213626395 6.3266996980 1 100 5
P 6.0031312290 14.1417577430 2 100 5
P 2.8640985104 11.7715117474 0 62 5
P 10.7603953580 8.6969456935 0 62 5
P 12.9653532070 0.0000000000 0 21 4
P 0.6591406615 20.4684574410 0 21 4
P 0.1190964505 7.2967243212 0 53 4
P 13.5053974179 13.1717331198 0 53 4
P 4.7552001469 11.0023282475 0 61 2
P 8.8692937216 9.4661291934 0 61 2
P 12.6318032715 7.6002008989 0 62 3
P 0.9926905970 12.8682565421 0 62 3
P 4.4265255454 16.8705572935 0 39 4
P 9.1979683231 3.5979001475 0 39 4
P 2.7541302263 18.4080925906 0 29 3
P 10.8703636422 2.0603648503 0 29 3
P 1.2095529123 3.3116442792 0 4 5
P 12.4149409561 17.1568131617 0 4 5
P 13.6244938685 6.0229484341 0 58 2
P 0.0000000000 14.4455090068 0 58 2
P 10.0297825323 10.2912065038 0 60 4
P 3.5947113362 10.1772509371 0 60 4
