P 10.8799025581 11.2957141733 0 30 3
P 0.0000000000 8.2946531382 1 100 5
P 21.7598051163 14.2967752084 2 100 5
P 1.9883072101 0.0387275890 0 49 3
P 19.7714979061 22.5527007576 0 49 3
P 12.3367811396 3.5777617813 0 39 2
P 9.4230239767 19.0136665653 0 39 2
P 13.6590500692 16.7260472813 0 84 1
P 8.1007550471 5.8653810653 0 84 1
P 7.7637193296 15.5021639130 0 75 5
P 13.9960857867 7.0892644336 0 75 5
P 16.8128137199 8.1568493192 0 60 5
P 4.9469913964 14.4345790275 0 60 5
P 14.8463715592 20.3184840149 0 22 4
P 6.9134335571 2.2729443317 0 22 4
P 15.8572525791 10.9269024904 0 37 4
P 5.9025525371 11.6645258562 0 37 4
P 11.9610203868 22.5914283466 0 30 3
P 9.7987847295 0.0000000000 0 30 3
P 11.0039832543 20.8052490439 0 33 4
P 10.7558218620 1.7861793027 0 33 4
P 11.9223284991 0.2868409418 0 87 4
P 9.8374766172 22.3045874048 0 87 4
