P 11.9623055421 11.4420295077 0 146 0
P 13.7457650317 18.5913000951 1 100 5
P 10.1788460524 4.2927589203 2 100 5
P 9.5557939377 15.0419997142 0 60 5
P 14.3688171465 7.8420593012 0 60 5
P 0.0800600052 16.2365779263 0 84 2
P 23.8445510789 6.6474810891 0 84 2
P 19.6594710154 18.2007935127 0 25 3
P 4.2651400688 4.6832655027 0 25 3
P 10.6608811176 13.6069989814 0 19 2
P 13.2637299665 9.2770600341 0 19 2
P 5.6384380808 0.0000000000 0 75 5
P 18.2861730033 22.8840590154 0 75 5
P 23.9246110841 5.1902138808 0 78 3
P 0.0000000000 17.6938451346 0 78 3
P 1.5770367034 2.2413879862 0 22 3
P 22.3475743808 20.6426710292 0 22 3
P 10.7346059910 20.3790971051 0 6 5
P 13.1900050932 2.5049619103 0 6 5
P 17.8474154644 16.7511102447 0 48 1
P 6.0771956197 6.1329487707 0 48 1
P 14.8603203480 22.5799863056 0 29 4
P 9.0642907361 0.3040727098 0 29 4
