P 11.2504234647 11.8286200258 0 60 2
P 3.3964557786 16.8967936227 1 100 5
P 19.1043911509 6.7604464290 2 100 5
P 1.5000562876 6.1544107288 0 16 3
P 21.0007906419 17.5028293229 0 16 3
P 7.9987531975 10.6678348954 0 48 3
P 14.5020937320 12.9894051563 0 48 3
P 8.7870595289 4.0086295353 0 67 3
P 13.7137874006 19.6486105164 0 67 3
P 15.9270035866 16.4166786169 0 82 2
P 6.5738433429 7.2405614348 0 82 2
P 2.4843238374 3.8405834464 0 1 2
P 20.0165230921 19.8166566053 0 1 2
P 13.0987034024 11.1041375816 0 6 1
P 9.4021435271 12.5531024701 0 6 1
P 19.0859958350 0.0000000000 0 53 2
P 3.4148510945 23.6572400517 0 53 2
P 5.0712600288 6.8876839929 0 2 1
P 17.4295869007 16.7695560587 0 2 1
P 0.0000000000 1.7347943526 0 32 2
P 22.5008469295 21.9224456991 0 32 2
P 7.6069225761 14.4298455488 0 45 3
P 14.8939243534 9.2273945029 0 45 3
