P 10.4354602393 11.2282621319 0 147 5
P 16.0884793420 9.3552163526 1 100 5
P 4.7824411366 13.1013079111 2 100 5
P 2.8015243734 2.7835936832 0 23 3
P 18.0693961051 19.6729305805 0 23 3
P 13.4572156066 4.2846641476 0 88 2
P 7.4137048720 18.1718601161 0 88 2
P 1.1348296928 11.4262409721 0 27 5
P 19.7360907858 11.0302832916 0 27 5
P 14.3656791519 1.5709858913 0 29 3
P 6.5052413266 20.8855383724 0 29 3
P 10.0916892798 7.5565404369 0 20 3
P 10.7792311988 14.8999838268 0 20 3
P 16.2800576911 19.5186034486 0 76 4
P 4.5908627875 2.9379208151 0 76 4
P 20.8709204786 19.1877043460 0 56 3
P 0.0000000000 3.2688199178 0 56 3
P 2.6006635415 0.0000000000 0 76 1
P 18.2702569371 22.4565242637 0 76 1
P 5.6263801823 18.2755268966 0 19 4
P 15.2445402963 4.1809973671 0 19 4
P 15.0342918222 21.1438630291 0 35 3
P 5.8366286563 1.3126612346 0 35 3
