P 11.6125587299 11.4542045741 0 55 4
P 20.9069026981 20.9422590800 1 100 5
P 2.3182147616 1.9661500682 2 100 5
P 0.0174825098 14.8128811565 0 85 4
P 23.2076349499 8.0955279917 0 85 4
P 14.8687412326 8.6576723812 0 3 2
P 8.3563762271 14.2507367670 0 3 2
P 18.2255119463 15.0512394046 0 83 2
P 4.9996055134 7.8571697436 0 83 2
P 18.2159048771 18.1434301981 0 72 2
P 5.0092125826 4.7649789501 0 72 2
P 16.5539758784 0.0000000000 0 73 3
P 6.6711415813 22.9084091482 0 73 3
P 2.7498466267 17.1451552643 0 76 2
P 20.4752708330 5.7632538839 0 76 2
P 23.2251174597 21.3496200548 0 2 2
P 0.0000000000 1.5587890934 0 2 2
P 13.0661838700 6.5061912142 0 63 3
P 10.1589335897 16.4022179340 0 63 3
P 11.2288209505 8.7414133271 0 51 3
P 11.9962965092 14.1669958211 0 51 3
P 6.9940544458 15.7725812979 0 85 4
P 16.2310630140 7.1358278503 0 85 4
