P 11.5413796360 11.8669293914 0 44 5
P 20.4067372131 12.6676809910 1 100 5
P 2.6760220590 11.0661777917 2 100 5
P 23.0827592721 9.5132225979 0 84 5
P 0.0000000000 14.2206361848 0 84 5
P 18.5613693582 19.0222707510 0 5 2
P 4.5213899139 4.7115880318 0 5 2
P 9.4069218322 15.0362240465 0 14 4
P 13.6758374399 8.6976347362 0 14 4
P 3.7292596911 1.0742341040 0 3 4
P 19.3534995810 22.6596246787 0 3 4
P 9.1160169191 3.9859385779 0 66 1
P 13.9667423530 19.7479202048 0 66 1
P 4.3222535188 21.1100383562 0 53 5
P 18.7605057533 2.6238204266 0 53 5
P 7.9018794577 0.0000000000 0 29 2
P 15.1808798144 23.7338587827 0 29 2
P 0.8895493953 11.6614176900 0 89 1
P 22.1932098768 12.0724410927 0 89 1
P 15.1033704446 15.0225380247 0 78 2
P 7.9793888275 8.7113207580 0 78 2
P 17.1498746223 16.8209202999 0 41 4
P 5.9328846498 6.9129384828 0 41 4
