P 11.7779092993 6.0579141048 0 100 1
P 2.0725444541 6.8613448122 1 100 5
P 21.4832741445 5.2544833974 2 100 5
P 12.2144168700 11.6697747995 0 88 5
P 11.3414017286 0.4460534101 0 88 5
P 15.0772626714 7.9612623639 0 87 3
P 8.4785559272 4.1545658457 0 87 3
P 23.5558185986 4.4595901362 0 17 5
P 0.0000000000 7.6562380734 0 17 5
P 20.2062138087 2.2704637522 0 89 2
P 3.3496047899 9.8453644574 0 89 2
P 20.0496431543 0.0000000000 0 77 2
P 3.5061754443 12.1158282096 0 77 2
P 2.0923997187 1.0589605498 0 68 4
P 21.4634188799 11.0568676598 0 68 4
P 22.2922220804 8.9047076425 0 14 1
P 1.2635965183 3.2111205671 0 14 1
P 3.9820030285 4.3943561363 0 90 4
P 19.5738155701 7.7214720733 0 90 4
P 17.1082350372 9.9189988957 0 64 1
P 6.4475835614 2.1968293139 0 64 1
P 17.4410785291 2.6796801730 0 48 5
P 6.1147400695 9.4361480366 0 48 5
