P 11.4835660792 9.1061233257 0 128 3
P 12.1489160238 8.8756052779 1 100 5
P 10.8182161345 9.3366413734 2 100 5
P 21.1443739843 5.2332644978 0 5 1
P 1.8227581740 12.9789821536 0 5 1
P 18.3567479631 0.0000000000 0 55 4
P 4.6103841953 18.2122466513 0 55 4
P 13.1722423986 17.6460595079 0 30 3
P 9.7948897597 0.5661871435 0 30 3
P 2.5182728140 10.7340153518 0 25 4
P 20.4488593443 7.4782312995 0 25 4
P 1.6905161444 17.1367400738 0 63 2
P 21.2766160139 1.0755065775 0 63 2
P 19.1881577846 10.0513822609 0 21 3
P 3.7789743738 8.1608643905 0 21 3
P 7.1597183978 1.5841925744 0 7 1
P 15.8074137605 16.6280540770 0 7 1
P 14.9821633862 1.7295128316 0 61 4
P 7.9849687722 16.4827338197 0 61 4
P 8.2562842724 5.7800008147 0 19 5
P 14.7108478860 12.4322458367 0 19 5
P 0.0000000000 16.1692046356 0 61 3
P 22.9671321583 2.0430420158 0 61 3
