P 10.1198933139 11.8873683214 0 80 5
P 14.1540469877 11.0945105914 1 100 5
P 6.0857396401 12.6802260514 2 100 5
P 20.2397866278 9.6744871348 0 76 2
P 0.0000000000 14.1002495080 0 76 2
P 4.1445140047 7.1995685751 0 21 5
P 16.0952726230 16.5751680677 0 21 5
P 14.5796131041 0.0000000000 0 82 4
P 5.6601735236 23.7747366428 0 82 4
P 18.8489183865 0.0332867112 0 6 5
P 1.3908682413 23.7414499316 0 6 5
P 18.5525409064 12.4346352714 0 75 1
P 1.6872457214 11.3401013714 0 75 1
P 11.8173053590 8.9385783209 0 82 3
P 8.4224812687 14.8361583219 0 82 3
P 16.8156504354 8.1408085637 0 68 5
P 3.4241361924 15.6339280791 0 68 5
P 6.3275805745 16.2882824951 0 76 1
P 13.9122060532 7.4864541477 0 76 1
P 5.2754554891 15.4329406525 0 88 5
P 14.9643311386 8.3417959903 0 88 5
P 17.3744900304 10.8311198230 0 56 4
P 2.8652965973 12.9436168198 0 56 4
