P 11.3228794297 10.7442772907 0 55 1
P 3.2548057836 12.5907498944 1 100 5
P 19.3909530759 8.8978046870 2 100 5
P 8.6164138151 21.1707583883 0 79 3
P 14.0293450444 0.3177961931 0 79 3
P 15.9658708628 9.6812034141 0 72 4
P 6.6798879967 11.8073511673 0 72 4
P 16.2876290028 0.4803896864 0 88 3
P 6.3581298567 21.0081648950 0 88 3
P 6.0300618592 13.1336436675 0 28 2
P 16.6156970003 8.3549109139 0 28 2
P 0.0000000000 19.8134653801 0 57 4
P 22.6457588595 1.6750892013 0 57 4
P 10.1643620679 21.4885545814 0 31 1
P 12.4813967916 0.0000000000 0 31 1
P 10.7671290717 1.7158690434 0 30 5
P 11.8786297878 19.7726855380 0 30 5
P 15.4361485521 15.6656178030 0 31 4
P 7.2096103074 5.8229367784 0 31 4
P 1.2166755351 0.7615771463 0 46 3
P 21.4290833244 20.7269774351 0 46 3
P 2.3872618960 17.3549624089 0 27 2
P 20.2584969635 4.1335921726 0 27 2
