P 11.8225014880 10.9202645176 0 76 0
P 23.2566109913 10.8495916098 1 100 5
P 0.3883919847 10.9909374255 2 100 5
P 22.0011936794 1.7662744228 0 59 4
P 1.6438092966 20.0742546125 0 59 4
P 23.6450029760 8.4264921379 0 43 1
P 0.0000000000 13.4140368973 0 43 1
P 19.9973433083 0.0000000000 0 70 3
P 3.6476596677 21.8405290353 0 70 3
P 15.4797352812 10.4782503775 0 59 4
P 8.1652676948 11.3622786578 0 59 4
P 0.6701835060 7.7898655589 0 26 4
P 22.9748194700 14.0506634764 0 26 4
P 16.8701886462 4.9368475054 0 70 2
P 6.7748143298 16.9036815299 0 70 2
P 11.5762186953 20.3831850487 0 55 2
P 12.0687842807 1.4573439866 0 55 2
P 9.7350689773 6.2083653021 0 61 1
P 13.9099339987 15.6321637332 0 61 1
P 12.3287128649 2.8776663698 0 3 1
P 11.3162901111 18.9628626655 0 3 1
P 20.5742693182 1.3172524500 0 35 1
P 3.0707336578 20.5232765853 0 35 1
