P 10.3626870416 9.3391081815 0 97 1
P 12.9772965808 10.3354230044 1 100 5
P 7.7480775024 8.3427933586 2 100 5
P 8.5847856367 9.3937597353 0 68 1
P 12.1405884466 9.2844566277 0 68 1
P 3.3749045868 18.6782163630 0 32 2
P 17.3504694964 0.0000000000 0 32 2
P 9.1508507843 7.5032511352 0 68 2
P 11.5745232989 11.1749652278 0 68 2
P 16.5316564125 6.2241339363 0 85 4
P 4.1937176707 12.4540824267 0 85 4
P 20.7253740832 7.0551337262 0 41 4
P 0.0000000000 11.6230826368 0 41 4
P 13.2612257389 5.4486933289 0 68 1
P 7.4641483443 13.2295230341 0 68 1
P 9.5780361559 2.2803214626 0 10 1
P 11.1473379273 16.3978949004 0 10 1
P 18.5945000208 12.3381047427 0 10 4
P 2.1308740625 6.3401116203 0 10 4
P 2.6386999922 12.2517523142 0 53 3
P 18.0866740910 6.4264640488 0 53 3
P 10.5205506241 15.5485925208 0 56 2
P 10.2048234591 3.1296238422 0 56 2
