P 11.9455628246 9.5914219072 0 128 1
P 14.8666813743 0.0000000000 1 100 5
P 9.0244442748 19.1828438144 2 100 5
P 9.9966648729 1.1852231755 0 89 3
P 13.8944607763 17.9976206389 0 89 3
P 23.6139109208 1.2950888763 0 22 2
P 0.2772147284 17.8877549381 0 22 2
P 7.7659998051 10.6189993067 0 84 3
P 16.1251258441 8.5638445077 0 84 3
P 4.1635407852 8.4888375328 0 65 4
P 19.7275848639 10.6940062816 0 65 4
P 12.1301783966 2.6860506150 0 88 3
P 11.7609472526 16.4967931994 0 88 3
P 21.0182418872 18.8602944340 0 7 4
P 2.8728837620 0.3225493804 0 7 4
P 3.2274273586 5.8186868517 0 60 5
P 20.6636982906 13.3641569627 0 60 5
P 10.5897649942 2.9041569612 0 74 4
P 13.3013606549 16.2786868532 0 74 4
P 5.8356332383 17.9477719408 0 44 5
P 18.0554924109 1.2350718736 0 44 5
P 23.8911256492 17.5001926947 0 20 1
P 0.0000000000 1.6826511197 0 20 1
