P 9.3202325379 11.8146873749 0 47 0
P 18.6404650758 9.6266644657 1 100 5
P 0.0000000000 14.0027102842 2 100 5
P 2.7439269691 6.0551512032 0 72 3
P 15.8965381067 17.5742235467 0 72 3
P 5.1238131423 11.3669764799 0 79 3
P 13.5166519334 12.2623982700 0 79 3
P 18.5420524577 21.7638453668 0 17 1
P 0.0984126181 1.8655293830 0 17 1
P 16.5342193527 19.6993074742 0 85 1
P 2.1062457231 3.9300672756 0 85 1
P 15.4617910179 11.5963406664 0 79 3
P 3.1786740579 12.0330340834 0 79 3
P 6.8833166079 23.6293747499 0 63 5
P 11.7571484679 0.0000000000 0 63 5
P 4.4092968508 18.2330863257 0 5 3
P 14.2311682250 5.3962884241 0 5 3
P 8.8396419456 6.1043654918 0 64 1
P 9.8008231301 17.5250092581 0 64 1
P 0.9330229855 10.0958338012 0 36 1
P 17.7074420903 13.5335409487 0 36 1
P 12.1682258277 18.8749695762 0 23 1
P 6.4722392481 4.7544051736 0 23 1
