P 11.4423369167 10.6477439174 0 88 0
P 8.9835145106 1.9375494839 1 100 5
P 13.9011593228 19.3579383508 2 100 5
P 12.3323659470 0.2792363541 0 79 1
P 10.5523078863 21.0162514807 0 79 1
P 16.0730106719 0.0000000000 0 62 5
P 6.8116631614 21.2954878347 0 62 5
P 4.4653379156 19.5087570304 0 40 5
P 18.4193359178 1.7867308044 0 40 5
P 6.5245764733 8.5955896716 0 11 4
P 16.3600973600 12.6998981632 0 11 4
P 9.7413087086 11.1885329612 0 48 1
P 13.1433651248 10.1069548736 0 48 1
P 0.4434818143 18.9570796317 0 22 5
P 22.4411920190 2.3384082030 0 22 5
P 8.4034708628 11.6589355374 0 24 2
P 14.4812029705 9.6365522973 0 24 2
P 15.5585508009 6.9117647218 0 2 3
P 7.3261230324 14.3837231129 0 2 3
P 3.8588103931 11.9100610222 0 40 4
P 19.0258634403 9.3854268125 0 40 4
P 22.8846738333 6.7262516463 0 16 3
P 0.0000000000 14.5692361885 0 16 3
