P 11.3466668238 9.9135062312 0 91 2
P 22.6933336475 2.2466162156 1 100 5
P 0.0000000000 17.5803962469 2 100 5
P 22.6817776182 12.4741083777 0 34 3
P 0.0115560293 7.3529040848 0 34 3
P 14.2700072966 15.8083698935 0 75 1
P 8.4233263509 4.0186425690 0 75 1
P 17.1836751258 19.2042521216 0 90 4
P 5.5096585217 0.6227603409 0 90 4
P 16.3916500622 16.8024585027 0 84 1
P 6.3016835853 3.0245539597 0 84 1
P 12.8162167169 19.8270124625 0 80 5
P 9.8771169306 0.0000000000 0 80 5
P 15.2494566884 5.2718363690 0 28 4
P 7.4438769591 14.5551760935 0 28 4
P 16.3373091446 12.8038023025 0 54 2
P 6.3560245029 7.0232101600 0 54 2
P 12.0762396176 17.4563565969 0 40 4
P 10.6170940300 2.3706558656 0 40 4
P 9.4501193359 13.2015412102 0 28 1
P 13.2432143117 6.6254712523 0 28 1
P 8.5295654538 7.1668468449 0 57 3
P 14.1637681938 12.6601656175 0 57 3
