P 11.5216702332 11.9637118131 0 76 3
P 17.9953379938 9.2693184434 1 100 5
P 5.0480024726 14.6581051828 2 100 5
P 16.2942678036 1.7889380165 0 36 1
P 6.7490726629 22.1384856096 0 36 1
P 12.9278412708 5.1720179269 0 52 5
P 10.1154991957 18.7554056993 0 52 5
P 2.9651724337 11.7865442353 0 36 4
P 20.0781680327 12.1408793908 0 36 4
P 9.1783027878 23.9274236262 0 80 3
P 13.8650376787 0.0000000000 0 80 3
P 18.4662697252 2.2449960272 0 21 2
P 4.5770707413 21.6824275989 0 21 2
P 2.8413519649 4.8667462193 0 73 1
P 20.2019885016 19.0606774069 0 73 1
P 10.9224485396 10.7996750934 0 70 2
P 12.1208919269 13.1277485327 0 70 2
P 20.9766207584 3.9749739598 0 88 3
P 2.0667197081 19.9524496663 0 88 3
P 5.3581585835 18.2770759325 0 78 1
P 17.6851818830 5.6503476937 0 78 1
P 23.0433404665 4.5872494004 0 58 4
P 0.0000000000 19.3401742258 0 58 4
