P 10.8064844007 10.4174089946 0 2 0
P 21.6129688013 9.5227560706 1 100 5
P 0.0000000000 11.3120619186 2 100 5
P 0.9318428305 16.3378152998 0 41 3
P 20.6811259709 4.4970026894 0 41 3
P 16.0900189728 3.2929474727 0 14 1
P 5.5229498285 17.5418705165 0 14 1
P 4.2984374484 14.5370397561 0 51 4
P 17.3145313530 6.2977782331 0 51 4
P 6.0176074756 8.0752823614 0 23 5
P 15.5953613257 12.7595356278 0 23 5
P 7.0211032960 4.6152979865 0 34 3
P 14.5918655054 16.2195200027 0 34 3
P 20.3168846575 11.4909550229 0 12 5
P 1.2960841438 9.3438629663 0 12 5
P 10.8932178928 1.5912767805 0 42 4
P 10.7197509085 19.2435412087 0 42 4
P 19.9007585030 20.8348179892 0 6 2
P 1.7122102984 0.0000000000 0 6 2
P 2.0994318733 18.7946362471 0 54 3
P 19.5135369280 2.0401817421 0 54 3
P 11.3033424035 16.3211150953 0 11 1
P 10.3096263978 4.5137028939 0 11 1
