P 11.9098390303 11.4812274387 0 59 1
P 8.1007312164 15.2053461406 1 100 5
P 15.7189468442 7.7571087367 2 100 5
P 5.3173534113 9.3252887807 0 82 2
P 18.5023246494 13.6371660967 0 82 2
P 23.8196780606 6.9537643264 0 13 4
P 0.0000000000 16.0086905509 0 13 4
P 3.9971046317 1.7992417225 0 62 3
P 19.8225734289 21.1632131548 0 62 3
P 12.6455460250 7.2712170627 0 64 5
P 11.1741320357 15.6912378146 0 64 5
P 22.4574519947 13.2665978434 0 35 1
P 1.3622260659 9.6958570339 0 35 1
P 12.9883285821 2.4420640368 0 55 1
P 10.8313494785 20.5203908405 0 55 1
P 16.2138441355 22.9624548773 0 31 5
P 7.6058339251 0.0000000000 0 31 5
P 21.8099487004 8.0347995460 0 26 1
P 2.0097293602 14.9276553313 0 26 1
P 18.3074724797 2.5286689338 0 42 3
P 5.5122055810 20.4337859435 0 42 3
P 19.2510442078 5.6851680976 0 56 2
P 4.5686338528 17.2772867797 0 56 2
