P 11.4042630938 10.9586587022 0 52 4
P 1.6800380282 16.7432027053 1 100 5
P 21.1284881593 5.1741146991 2 100 5
P 22.8085261876 1.5895951472 0 3 3
P 0.0000000000 20.3277222572 0 3 3
P 18.7270602820 9.1729826821 0 79 5
P 4.0814659056 12.7443347223 0 79 5
P 18.6474111912 1.0302320351 0 55 2
P 4.1611149964 20.8870853693 0 55 2
P 11.1333161346 19.4402953104 0 74 3
P 11.6752100529 2.4770220939 0 74 3
P 19.1694254927 19.7841790597 0 2 5
P 3.6391006949 2.1331383447 0 2 5
P 9.5573638201 16.8294807863 0 43 1
P 13.2511623675 5.0878366181 0 43 1
P 22.3221440717 21.9173174044 0 38 3
P 0.4863821159 0.0000000000 0 38 3
P 17.2102095379 7.0349246296 0 79 2
P 5.5983166497 14.8823927747 0 79 2
P 10.1114654663 2.9121118798 0 11 3
P 12.6970607213 19.0052055246 0 11 3
P 13.5720402624 0.9465728630 0 49 3
P 9.2364859251 20.9707445414 0 49 3
