P 11.3080347997 11.8676149248 0 93 4
P 2.0063505704 22.7293572457 1 100 5
P 20.6097190290 1.0058726040 2 100 5
P 19.7835378106 22.9999183635 0 50 5
P 2.8325317888 0.7353114862 0 50 5
P 4.1064738725 22.8900344851 0 19 3
P 18.5095957269 0.8451953646 0 19 3
P 6.6466621899 6.8636421370 0 23 2
P 15.9694074094 16.8715877127 0 23 2
P 8.5724591504 17.3052943280 0 47 3
P 14.0436104490 6.4299355216 0 47 3
P 0.0000000000 0.0000000000 0 2 3
P 22.6160695993 23.7352298497 0 2 3
P 18.9519007667 17.1730279742 0 49 5
P 3.6641688327 6.5622018755 0 49 5
P 17.0750062769 0.0788060390 0 30 1
P 5.5410633225 23.6564238107 0 30 1
P 17.0784011712 11.5293454917 0 47 4
P 5.5376684282 12.2058843580 0 47 4
P 10.1020688052 7.6047270892 0 15 4
P 12.5140007942 16.1305027605 0 15 4
P 6.0675665243 1.5431016467 0 83 4
P 16.5485030751 22.1921282030 0 83 4
