P 11.1191562783 8.5946275576 0 140 1
P 15.2712634277 12.9316882402 1 100 5
P 6.9670491288 4.2575668750 2 100 5
P 11.1939588688 16.8085161265 0 5 1
P 11.0443536877 0.3807389887 0 5 1
P 7.7641845717 14.5647045852 0 46 2
P 14.4741279848 2.6245505300 0 46 2
P 13.3215389500 0.7418199446 0 63 1
P 8.9167736065 16.4474351706 0 63 1
P 0.0000000000 14.2973168224 0 89 4
P 22.2383125565 2.8919382928 0 89 4
P 4.9460816481 6.9878653842 0 31 3
P 17.2922309084 10.2013897310 0 31 3
P 13.1543345773 6.4723211296 0 67 3
P 9.0839779792 10.7169339856 0 67 3
P 16.3120553867 7.2417511862 0 78 3
P 5.9262571698 9.9475039290 0 78 3
P 21.3043583582 8.2009822876 0 79 3
P 0.9339541983 8.9882728276 0 79 3
P 6.9393995660 11.2768280633 0 63 3
P 15.2989129905 5.9124270519 0 63 3
P 7.7714338004 17.1892551152 0 59 2
P 14.4668787562 0.0000000000 0 59 2
