P 11.2639873956 11.7468842937 0 58 2
P 0.8042586301 4.9933715300 1 100 5
P 21.7237161611 18.5003970575 2 100 5
P 15.3182169717 22.3899789035 0 32 4
P 7.2097578194 1.1037896839 0 32 4
P 4.1704116558 23.4937685875 0 85 3
P 18.3575631354 0.0000000000 0 85 3
P 0.1474097931 17.2483337974 0 52 4
P 22.3805649981 6.2454347900 0 52 4
P 3.1561479620 11.5698109174 0 85 2
P 19.3718268291 11.9239576701 0 85 2
P 22.5279747911 8.4500837775 0 71 3
P 0.0000000000 15.0436848100 0 71 3
P 9.4169969491 3.9465680588 0 10 4
P 13.1109778421 19.5472005287 0 10 4
P 11.1510808408 17.2355307756 0 65 3
P 11.3768939503 6.2582378119 0 65 3
P 16.4995181600 11.2516344540 0 33 1
P 6.0284566311 12.2421341335 0 33 1
P 4.2701870484 9.6850143604 0 29 5
P 18.2577877428 13.8087542270 0 29 5
P 9.7704955683 20.0695204009 0 50 2
P 12.7574792228 3.4242481866 0 50 2
