P 11.5686908437 11.4374524576 0 73 4
P 12.2401173582 9.0887545911 1 100 5
P 10.8972643292 13.7861503241 2 100 5
P 14.3817347690 10.9295929945 0 72 5
P 8.7556469183 11.9453119207 0 72 5
P 18.1640679399 12.0542157423 0 75 5
P 4.9733137474 10.8206891729 0 75 5
P 0.0000000000 17.6584294074 0 25 4
P 23.1373816874 5.2164755078 0 25 4
P 19.9598526303 6.3144573599 0 48 2
P 3.1775290571 16.5604475553 0 48 2
P 17.8487496385 7.1608743924 0 2 1
P 5.2886320489 15.7140305227 0 2 1
P 9.3300118825 22.8749049152 0 55 4
P 13.8073698049 0.0000000000 0 55 4
P 3.3840313346 12.2318744158 0 48 1
P 19.7533503528 10.6430304994 0 48 1
P 4.0814833623 18.0568285296 0 18 3
P 19.0558983251 4.8180763856 0 18 3
P 5.6802074414 8.5930983911 0 12 3
P 17.4571742459 14.2818065240 0 12 3
P 21.3411000619 14.5282914743 0 2 4
P 1.7962816254 8.3466134408 0 2 4
