P 11.1757452112 8.0363013540 0 52 3
P 8.1165889837 4.7049891449 1 100 5
P 14.2349014386 11.3676135630 2 100 5
P 0.8773119454 11.0148555352 0 46 1
P 21.4741784769 5.0577471727 0 46 1
P 0.5676488246 0.0000000000 0 4 3
P 21.7838415977 16.0726027079 0 4 3
P 15.7814051769 10.9965425967 0 80 1
P 6.5700852455 5.0760601112 0 80 1
P 19.7578431646 7.5331002174 0 58 4
P 2.5936472577 8.5395024906 0 58 4
P 2.2310337546 11.4091631488 0 71 3
P 20.1204566677 4.6634395591 0 71 3
P 16.2124400326 9.8269244739 0 28 2
P 6.1390503897 6.2456782340 0 28 2
P 3.9449225012 7.6767530179 0 77 4
P 18.4065679211 8.3958496900 0 77 4
P 14.7798955211 5.9003149000 0 76 3
P 7.5715949012 10.1722878079 0 76 3
P 0.0000000000 3.3676036761 0 35 5
P 22.3514904223 12.7049990318 0 35 5
P 18.0038463967 10.3536417495 0 56 3
P 4.3476440256 5.7189609584 0 56 3
