P 11.7546247802 11.3425532651 0 44 0
P 19.2010282293 0.0000000000 1 100 5
P 4.3082213310 22.6851065302 2 100 5
P 16.9750288804 11.3116402753 0 19 4
P 6.5342206799 11.3734662549 0 19 4
P 0.5713149237 17.8843087786 0 59 5
P 22.9379346366 4.8007977515 0 59 5
P 9.7586099737 18.6440870849 0 32 1
P 13.7506395866 4.0410194453 0 32 1
P 5.2302353965 9.4837474197 0 4 2
P 18.2790141638 13.2013591105 0 4 2
P 14.8155032205 13.7695007463 0 70 3
P 8.6937463399 8.9156057839 0 70 3
P 8.4177536706 3.7656875717 0 56 4
P 15.0914958897 18.9194189584 0 56 4
P 20.1984137204 17.0392971230 0 45 5
P 3.3108358399 5.6458094072 0 45 5
P 4.0779723060 12.3827976009 0 63 4
P 19.4312772543 10.3023089293 0 63 4
P 0.7639561150 5.0461729826 0 87 3
P 22.7452934453 17.6389335476 0 87 3
P 0.0000000000 11.2909094930 0 17 1
P 23.5092495603 11.3941970372 0 17 1
