P 10.8869489054 10.4674729847 0 8 3
P 14.1216084390 11.5333928333 1 100 5
P 7.6522893718 9.4015531360 2 100 5
P 10.5712501046 8.6011533442 0 24 3
P 11.2026477061 12.3337926252 0 24 3
P 20.1949881931 15.2187249657 0 22 3
P 1.5789096177 5.7162210037 0 22 3
P 18.6645496910 19.2438349776 0 50 2
P 3.1093481198 1.6911109917 0 50 2
P 16.0819410198 6.1090563862 0 66 1
P 5.6919567910 14.8258895831 0 66 1
P 8.7345956791 20.9349459693 0 41 2
P 13.0393021316 0.0000000000 0 41 2
P 19.3406040721 2.4844887156 0 84 3
P 2.4332937386 18.4504572537 0 84 3
P 2.4809071955 13.4468437198 0 50 3
P 19.2929906153 7.4881022496 0 50 3
P 0.0000000000 14.3075252652 0 10 2
P 21.7738978107 6.6274207042 0 10 2
P 7.4782531557 12.2298243252 0 61 5
P 14.2956446550 8.7051216442 0 61 5
P 9.4256622388 2.3579918045 0 33 3
P 12.3482355719 18.5769541648 0 33 3
