P 11.6672935298 9.6236703906 0 69 2
P 17.9902234012 19.2473407813 1 100 5
P 5.3443636584 0.0000000000 2 100 5
P 17.3690970621 3.0223646402 0 44 1
P 5.9654899975 16.2249761411 0 44 1
P 21.3083814705 7.4206417424 0 33 4
P 2.0262055891 11.8266990389 0 33 4
P 15.0155667099 1.9943284290 0 22 4
P 8.3190203497 17.2530123523 0 22 4
P 23.3345870596 15.2205794338 0 55 2
P 0.0000000000 4.0267613474 0 55 2
P 18.2829367492 2.3904107820 0 40 3
P 5.0516503104 16.8569299992 0 40 3
P 5.6003704730 19.0496650837 0 6 5
P 17.7342165866 0.1976756976 0 6 5
P 2.7983930683 13.1146967360 0 25 2
P 20.5361939913 6.1326440452 0 25 2
P 20.5570141247 12.3930639794 0 89 4
P 2.7775729349 6.8542768019 0 89 4
P 0.2336584703 10.4966345143 0 24 4
P 23.1009285893 8.7507062670 0 24 4
P 16.9109156918 5.7913419110 0 49 1
P 6.4236713678 13.4559988703 0 49 1
