P 11.3169132691 11.7555994055 0 37 4
P 17.8127384343 3.5936363803 1 100 5
P 4.8210881040 19.9175624307 2 100 5
P 20.7713084653 4.8533488870 0 67 4
P 1.8625180730 18.6578499240 0 67 4
P 0.0000000000 0.7366842072 0 3 5
P 22.6338265383 22.7745146038 0 3 5
P 20.5826385639 9.2977031103 0 89 3
P 2.0511879744 14.2134957007 0 89 3
P 18.1101472686 13.7113976170 0 41 1
P 4.5236792697 9.7998011940 0 41 1
P 1.8318677330 11.4075528064 0 11 4
P 20.8019588053 12.1036460046 0 11 4
P 7.7613463922 14.6197412231 0 46 3
P 14.8724801461 8.8914575879 0 46 3
P 19.2788045794 17.8831577310 0 1 5
P 3.3550219589 5.6280410800 0 1 5
P 18.4255563963 23.5111988110 0 81 5
P 4.2082701420 0.0000000000 0 81 5
P 8.6146163683 11.8777041155 0 89 5
P 14.0192101700 11.6334946955 0 89 5
P 1.3948161907 2.7106417169 0 2 3
P 21.2390103476 20.8005570941 0 2 3
