P 11.7083530089 10.8499839636 0 142 3
P 7.2190992605 1.6944198318 1 100 5
P 16.1976067574 20.0055480953 2 100 5
P 8.7653820071 1.0157108908 0 28 2
P 14.6513240108 20.6842570364 0 28 2
P 0.8245810013 15.2214170318 0 88 1
P 22.5921250165 6.4785508953 0 88 1
P 21.4692666035 11.9610914346 0 12 2
P 1.9474394144 9.7388764926 0 12 2
P 14.5012180500 4.1043601018 0 39 5
P 8.9154879679 17.5956078254 0 39 5
P 22.7441675881 1.0876538833 0 84 4
P 0.6725384298 20.6123140439 0 84 4
P 11.0837138421 0.0000000000 0 57 2
P 12.3329921757 21.6999679272 0 57 2
P 18.3140522960 17.0405149241 0 10 4
P 5.1026537219 4.6594530030 0 10 4
P 17.8846096778 12.6569162554 0 48 4
P 5.5320963401 9.0430516717 0 48 4
P 15.6810122280 6.7701978976 0 7 4
P 7.7356937899 14.9297700296 0 7 4
P 0.0000000000 4.3942639364 0 22 5
P 23.4167060179 17.3057039908 0 22 5
