P 11.0239372770 10.3750998743 0 123 1
P 10.6789648136 17.0976748881 1 100 5
P 11.3689097405 3.6525248604 2 100 5
P 2.4352663245 15.4248997008 0 13 2
P 19.6126082296 5.3253000478 0 13 2
P 14.5967300490 2.3977887791 0 75 4
P 7.4511445050 18.3524109695 0 75 4
P 4.9802120649 1.8601567568 0 67 5
P 17.0676624892 18.8900429918 0 67 5
P 1.8381146760 0.9677445670 0 26 4
P 20.2097598781 19.7824551816 0 26 4
P 21.1684627967 20.7501997486 0 39 1
P 0.8794117574 0.0000000000 0 39 1
P 18.4293934640 3.2031427339 0 18 2
P 3.6184810901 17.5470570147 0 18 2
P 3.0578265614 2.9128556898 0 75 1
P 18.9900479927 17.8373440587 0 75 1
P 2.9650558024 8.0906674006 0 41 3
P 19.0828187517 12.6595323480 0 41 3
P 1.7893046298 17.3763482354 0 74 2
P 20.2585699243 3.3738515132 0 74 2
P 22.0478745541 15.4309595262 0 22 2
P 0.0000000000 5.3192402224 0 22 2
