P 11.3587368314 11.9492486045 0 143 5
P 22.7174736628 8.2096574009 1 100 5
P 0.0000000000 15.6888398080 2 100 5
P 22.5168851533 23.8984972089 0 3 3
P 0.2005885095 0.0000000000 0 3 3
P 4.8904461958 23.0531236003 0 74 2
P 17.8270274670 0.8453736086 0 74 2
P 14.0213310933 19.8644576538 0 77 4
P 8.6961425695 4.0340395551 0 77 4
P 18.8403309746 11.4016727784 0 32 3
P 3.8771426882 12.4968244305 0 32 3
P 8.7715033110 12.4735565579 0 1 4
P 13.9459703518 11.4249406510 0 1 4
P 4.7877324544 1.0798620102 0 84 3
P 17.9297412084 22.8186351987 0 84 3
P 3.0448602713 17.4913769707 0 85 4
P 19.6726133915 6.4071202382 0 85 4
P 16.8501138021 3.6735701206 0 14 3
P 5.8673598607 20.2249270884 0 14 3
P 2.1869333434 1.6487052448 0 77 2
P 20.5305403194 22.2497919641 0 77 2
P 6.5595295124 10.0186739424 0 73 5
P 16.1579441503 13.8798232665 0 73 5
