P 11.2751347680 11.4967491587 0 121 5
P 0.2931303085 0.0000000000 1 100 5
P 22.2571392275 22.9934983174 2 100 5
P 7.2488900420 17.2762458591 0 49 4
P 15.3013794940 5.7172524583 0 49 4
P 3.0211757063 3.0490239202 0 57 5
P 19.5290938297 19.9444743972 0 57 5
P 0.0000000000 16.7065380815 0 89 4
P 22.5502695360 6.2869602359 0 89 4
P 7.7361502460 20.1460156833 0 64 2
P 14.8141192900 2.8474826342 0 64 2
P 2.4114730183 10.6645801713 0 74 1
P 20.1387965177 12.3289181461 0 74 1
P 15.7597839235 1.4110262773 0 62 1
P 6.7904856125 21.5824720401 0 62 1
P 13.6218778517 20.8553084344 0 8 5
P 8.9283916843 2.1381898830 0 8 5
P 14.4131907441 9.8409312488 0 25 4
P 8.1370787919 13.1525670687 0 25 4
P 13.1205278026 11.0842022053 0 40 2
P 9.4297417334 11.9092961121 0 40 2
P 7.5118543392 14.6722795398 0 40 3
P 15.0384151968 8.3212187776 0 40 3
