P 11.4650626143 11.3312066604 0 123 4
P 15.0454588453 14.7999464864 1 100 5
P 7.8846663832 7.8624668344 2 100 5
P 3.2584915251 0.0000000000 0 49 5
P 19.6716337035 22.6624133208 0 49 5
P 9.4785220183 14.2325698837 0 28 5
P 13.4516032103 8.4298434371 0 28 5
P 7.3910433871 14.3467505827 0 35 3
P 15.5390818415 8.3156627381 0 35 3
P 2.4788471137 2.7735877758 0 48 2
P 20.4512781149 19.8888255450 0 48 2
P 6.1028394504 22.3250978097 0 5 4
P 16.8272857782 0.3373155111 0 5 4
P 0.0000000000 7.4745094066 0 37 2
P 22.9301252286 15.1879039142 0 37 2
P 19.0385080106 5.1810062552 0 90 1
P 3.8916172180 17.4814070656 0 90 1
P 5.4616217788 19.0020949557 0 52 2
P 17.4685034498 3.6603183652 0 52 2
P 10.0373141216 9.2209482795 0 16 2
P 12.8928111069 13.4414650413 0 16 2
P 0.3703481445 3.3621565566 0 61 1
P 22.5597770841 19.3002567642 0 61 1
