P 10.5437546291 9.6402189944 0 6 1
P 13.5547583874 16.4224222528 1 100 5
P 7.5327508708 2.8580157360 2 100 5
P 6.4145033315 8.0150662884 0 71 3
P 14.6730059267 11.2653717004 0 71 3
P 16.7391889695 11.1104045488 0 47 5
P 4.3483202887 8.1700334401 0 47 5
P 12.2897006293 1.1354192203 0 2 2
P 8.7978086289 18.1450187686 0 2 2
P 20.4795209824 8.8045219410 0 89 5
P 0.6079882759 10.4759160478 0 89 5
P 18.0042508515 18.2722782093 0 34 3
P 3.0832584068 1.0081597795 0 34 3
P 10.6939158825 17.7829013624 0 14 1
P 10.3935933758 1.4975366264 0 14 1
P 20.5298160783 12.8993135974 0 87 1
P 0.5576931800 6.3811243914 0 87 1
P 0.0000000000 0.0000000000 0 56 3
P 21.0875092582 19.2804379888 0 56 3
P 7.1160553839 14.0993552013 0 13 3
P 13.9714538744 5.1810827875 0 13 3
P 11.1455731928 3.1823567875 0 1 3
P 9.9419360654 16.0980812014 0 1 3
