P 11.6273500620 11.1008975874 0 7 0
P 0.1365069822 21.0101049305 1 100 5
P 23.1181931417 1.1916902443 2 100 5
P 15.3339821134 2.1547292108 0 12 2
P 7.9207180105 20.0470659640 0 12 2
P 2.4452380289 4.2278055978 0 40 4
P 20.8094620951 17.9739895770 0 40 4
P 11.8748188074 9.7896993914 0 34 5
P 11.3798813165 12.4120957835 0 34 5
P 9.9271377371 11.5911034213 0 4 2
P 13.3275623868 10.6106917535 0 4 2
P 5.5522670995 21.1883781427 0 81 1
P 17.7024330244 1.0134170321 0 81 1
P 11.8692806828 14.8628305527 0 32 3
P 11.3854194411 7.3389646222 0 32 3
P 0.0000000000 9.9093218566 0 54 4
P 23.2547001239 12.2924733182 0 54 4
P 20.6130871906 4.2883381044 0 47 4
P 2.6416129333 17.9134570704 0 47 4
P 9.9416985893 22.2017951748 0 49 1
P 13.3130015346 0.0000000000 0 49 1
P 9.4170494421 20.4904998562 0 18 3
P 13.8376506818 1.7112953187 0 18 3
