P 10.5819629983 11.8043620101 0 88 5
P 21.1639259966 11.1486586720 1 100 5
P 0.0000000000 12.4600653483 2 100 5
P 1.6320240729 9.2175450256 0 65 5
P 19.5319019237 14.3911789946 0 65 5
P 0.0130991042 9.1432143083 0 84 3
P 21.1508268924 14.4655097120 0 84 3
P 3.8235469329 8.4490303399 0 67 5
P 17.3403790637 15.1596936803 0 67 5
P 7.7675073257 14.9917012188 0 3 4
P 13.3964186708 8.6170228015 0 3 4
P 6.3600032359 20.2105442789 0 74 2
P 14.8039227607 3.3981797413 0 74 2
P 18.7960987886 23.6087240202 0 42 3
P 2.3678272080 0.0000000000 0 42 3
P 4.7276917867 22.8446116330 0 9 2
P 16.4362342099 0.7641123872 0 9 2
P 4.2266273928 1.9274203563 0 16 1
P 16.9372986038 21.6813036640 0 16 1
P 10.1182043600 18.2718024637 0 15 5
P 11.0457216366 5.3369215565 0 15 5
P 2.3882557388 4.2866819521 0 3 2
P 18.7756702578 19.3220420682 0 3 2
