P 10.7020834492 11.2408960458 0 21 0
P 14.6026553282 17.0828610366 1 100 5
P 6.8015115703 5.3989310550 2 100 5
P 6.5559550219 2.4127565559 0 82 3
P 14.8482118765 20.0690355357 0 82 3
P 21.3808023433 12.2537880187 0 89 4
P 0.0233645551 10.2280040729 0 89 4
P 18.7320482967 8.4149964156 0 78 3
P 2.6721186017 14.0667956760 0 78 3
P 11.4401696191 10.4058382075 0 12 3
P 9.9639972793 12.0759538841 0 12 3
P 14.0328055946 10.6906434422 0 89 3
P 7.3713613038 11.7911486494 0 89 3
P 2.7400061054 4.7734444834 0 46 1
P 18.6641607930 17.7083476082 0 46 1
P 17.2238613000 6.7411829339 0 60 1
P 4.1803055984 15.7406091577 0 60 1
P 8.9257020433 18.7711189849 0 25 4
P 12.4784648551 3.7106731067 0 25 4
P 21.4041668984 22.4817920916 0 57 3
P 0.0000000000 0.0000000000 0 57 3
P 10.9558714567 4.8599433996 0 83 3
P 10.4482954417 17.6218486920 0 83 3
