P 10.9018744933 11.0602704580 0 101 3
P 0.1723988839 21.5626796063 1 100 5
P 21.6313501027 0.5578613098 2 100 5
P 10.0458187023 18.1357051777 0 73 2
P 11.7579302843 3.9848357383 0 73 2
P 16.1804443077 2.7218696227 0 36 5
P 5.6233046789 19.3986712934 0 36 5
P 17.5832379579 6.4700938121 0 80 1
P 4.2205110286 15.6504471040 0 80 1
P 17.2171973405 8.3089466320 0 25 4
P 4.5865516460 13.8115942841 0 25 4
P 4.5100418686 6.1593519627 0 18 5
P 17.2937071180 15.9611889534 0 18 5
P 6.8732926468 0.0000000000 0 67 1
P 14.9304563398 22.1205409160 0 67 1
P 18.9170387662 15.2088004012 0 79 5
P 2.8867102204 6.9117405149 0 79 5
P 18.7120036011 13.3080395261 0 29 5
P 3.0917453855 8.8125013899 0 29 5
P 4.2084256654 20.7468469649 0 19 2
P 17.5953233212 1.3736939511 0 19 2
P 21.8037489866 5.7545524080 0 47 1
P 0.0000000000 16.3659885080 0 47 1
