P 11.0319427210 11.4742399265 0 83 1
P 10.7579017667 1.8795061567 1 100 5
P 11.3059836753 21.0689736964 2 100 5
P 13.6212045837 3.4816589707 0 87 3
P 8.4426808583 19.4668208824 0 87 3
P 3.6664021964 5.5963069711 0 83 2
P 18.3974832457 17.3521728820 0 83 2
P 14.0732212877 7.2499039170 0 61 4
P 7.9906641543 15.6985759361 0 61 4
P 15.3069111031 17.6153060690 0 5 3
P 6.7569743389 5.3331737841 0 5 3
P 22.0638854420 6.3629031174 0 4 1
P 0.0000000000 16.5855767357 0 4 1
P 17.5264928981 7.3789419976 0 33 1
P 4.5373925439 15.5695378555 0 33 1
P 5.9713991610 11.2876661770 0 1 5
P 16.0924862810 11.6608136760 0 1 5
P 14.8527880157 9.0644258266 0 84 3
P 7.2110974263 13.8840540265 0 84 3
P 14.3835315697 22.6926993275 0 72 4
P 7.6803538723 0.2557805256 0 72 4
P 11.9867224339 0.0000000000 0 57 5
P 10.0771630081 22.9484798531 0 57 5
