P 11.9527966305 11.3738157858 0 27 1
P 18.6363322263 10.9686650126 1 100 5
P 5.2692610348 11.7789665590 2 100 5
P 20.6810824744 3.5694220679 0 71 2
P 3.2245107867 19.1782095037 0 71 2
P 1.8651476772 2.5687784639 0 48 2
P 22.0404455839 20.1788531077 0 48 2
P 3.3476507344 17.1903011097 0 16 3
P 20.5579425267 5.5573304619 0 16 3
P 7.1411536630 6.7911617750 0 35 5
P 16.7644395981 15.9564697966 0 35 5
P 3.2718897514 1.8314861999 0 2 1
P 20.6337035096 20.9161453717 0 2 1
P 18.4338478867 13.3539051327 0 66 3
P 5.4717453744 9.3937264389 0 66 3
P 21.9326402945 11.3394506701 0 69 2
P 1.9729529666 11.4081809015 0 69 2
P 0.0000000000 4.9687252589 0 23 3
P 23.9055932611 17.7789063127 0 23 3
P 9.7433123969 8.6325108933 0 16 2
P 14.1622808642 14.1151206783 0 16 2
P 12.4064544274 22.7476315716 0 60 5
P 11.4991388337 0.0000000000 0 60 5
