P 9.3445750872 11.7517131193 0 148 3
P 2.8998173601 16.3803368064 1 100 5
P 15.7893328144 7.1230894323 2 100 5
P 6.7617341423 0.0000000000 0 41 1
P 11.9274160321 23.5034262387 0 41 1
P 5.4905133720 0.9830852938 0 35 2
P 13.1986368025 22.5203409449 0 35 2
P 0.0858323202 3.4755653047 0 42 4
P 18.6033178543 20.0278609339 0 42 4
P 1.1507495759 13.6445303697 0 32 2
P 17.5384005986 9.8588958689 0 32 2
P 10.2665156323 2.9923381819 0 35 1
P 8.4226345422 20.5110880567 0 35 1
P 7.5674758328 13.6158220049 0 62 2
P 11.1216743417 9.8876042338 0 62 2
P 18.6891501745 16.8187927868 0 5 4
P 0.0000000000 6.6846334518 0 5 4
P 7.6338031514 17.6699381069 0 57 2
P 11.0553470231 5.8334881318 0 57 2
P 9.1703919923 6.5370197103 0 29 3
P 9.5187581822 16.9664065284 0 29 3
P 18.0226989286 5.5817988355 0 86 1
P 0.6664512459 17.9216274032 0 86 1
