P 11.1457524147 11.7003537229 0 91 3
P 9.5129499703 16.3588026466 1 100 5
P 12.7785548590 7.0419047992 2 100 5
P 21.3167636196 17.6087450840 0 17 3
P 0.9747412098 5.7919623618 0 17 3
P 13.0206519500 1.0412924704 0 26 2
P 9.2708528793 22.3594149753 0 26 2
P 22.2915048293 22.3127334185 0 88 4
P 0.0000000000 1.0879740273 0 88 4
P 16.4385078179 15.4759612156 0 34 1
P 5.8529970114 7.9247462302 0 34 1
P 19.5621735582 4.1651419868 0 36 1
P 2.7293312711 19.2355654590 0 36 1
P 20.7927649304 12.5545714407 0 39 4
P 1.4987398989 10.8461360051 0 39 4
P 16.6878755394 1.8848225856 0 44 4
P 5.6036292899 21.5158848602 0 44 4
P 10.5884784472 23.4007074458 0 5 1
P 11.7030263821 0.0000000000 0 5 1
P 14.6217136190 21.6531097468 0 46 4
P 7.6697912103 1.7475976989 0 46 4
P 1.5632966913 2.2265786837 0 41 4
P 20.7282081380 21.1741287621 0 41 4
