P 10.9870234649 11.0983426380 0 7 2
P 21.9740469297 0.9004641366 1 100 5
P 0.0000000000 21.2962211395 2 100 5
P 6.1718675076 11.1143697366 0 60 3
P 15.8021794221 11.0823155395 0 60 3
P 1.2005371979 18.6728888576 0 67 4
P 20.7735097319 3.5237964185 0 67 4
P 4.4825944325 14.0290821409 0 14 4
P 17.4914524972 8.1676031352 0 14 4
P 18.0503532076 22.1966852761 0 19 3
P 3.9236937221 0.0000000000 0 19 3
P 3.6787126752 8.2215962933 0 27 1
P 18.2953342545 13.9750889828 0 27 1
P 11.0170569359 20.5627482629 0 20 4
P 10.9569899938 1.6339370132 0 20 4
P 20.2534192001 15.9548648856 0 20 4
P 1.7206277297 6.2418203904 0 20 4
P 3.8595727998 21.7207062420 0 1 2
P 18.1144741299 0.4759790341 0 1 2
P 17.1839332772 11.9976568390 0 25 4
P 4.7901136525 10.1990284371 0 25 4
P 2.8170771575 3.8941283244 0 50 4
P 19.1569697723 18.3025569517 0 50 4
