P 10.3498337783 11.6596443503 0 93 3
P 7.5586865132 10.7089796042 1 100 5
P 13.1409810433 12.6103090963 2 100 5
P 16.0676801503 17.0751108942 0 73 1
P 4.6319874062 6.2441778063 0 73 1
P 12.3242820708 1.7385060721 0 60 1
P 8.3753854858 21.5807826284 0 60 1
P 3.0582255624 8.7320016253 0 3 3
P 17.6414419942 14.5872870752 0 3 3
P 4.6112438946 18.7288120998 0 8 1
P 16.0884236619 4.5904766007 0 8 1
P 11.1155152745 3.2504810743 0 18 5
P 9.5841522820 20.0688076262 0 18 5
P 7.5743441766 14.8655511061 0 23 5
P 13.1253233799 8.4537375944 0 23 5
P 0.5506436082 6.2406428336 0 88 4
P 20.1490239483 17.0786458669 0 88 4
P 0.0000000000 9.9620518060 0 7 4
P 20.6996675565 13.3572368945 0 7 4
P 20.6471132024 23.3192887005 0 54 1
P 0.0525543541 0.0000000000 0 54 1
P 2.7464469945 7.3325711523 0 24 2
P 17.9532205621 15.9867175482 0 24 2
