P 11.1527646813 11.2618450705 0 119 1
P 19.3230531157 19.4150827804 1 100 5
P 2.9824762470 3.1086073607 2 100 5
P 17.5445633091 22.2129240624 0 45 1
P 4.7609660536 0.3107660787 0 45 1
P 10.0846553119 4.7730438061 0 32 5
P 12.2208740507 17.7506463350 0 32 5
P 21.4065390105 17.7354268440 0 86 1
P 0.8989903521 4.7882632971 0 86 1
P 0.0000000000 2.0530537525 0 59 1
P 22.3055293627 20.4706363885 0 59 1
P 3.8084949459 5.4919895816 0 69 5
P 18.4970344168 17.0317005594 0 69 5
P 8.8416845393 12.7122198738 0 57 4
P 13.4638448234 9.8114702673 0 57 4
P 13.6357006047 7.8772947899 0 17 5
P 8.6698287580 14.6463953511 0 17 5
P 6.6882472814 18.0763973007 0 66 5
P 15.6172820812 4.4472928403 0 66 5
P 16.9183959034 0.6963200908 0 70 5
P 5.3871334593 21.8273700503 0 70 5
P 13.1984693432 0.0000000000 0 79 2
P 9.1070600194 22.5236901411 0 79 2
