P 10.6558032737 11.5564523933 0 72 1
P 2.7424944801 19.7015262301 1 100 5
P 18.5691120674 3.4113785566 2 100 5
P 10.4848936696 17.0713327010 0 6 1
P 10.8267128779 6.0415720856 0 6 1
P 9.8098767669 10.5653727253 0 39 5
P 11.5017297806 12.5475320614 0 39 5
P 18.6421542515 14.7681506755 0 72 3
P 2.6694522960 8.3447541112 0 72 3
P 8.9802917023 18.1375071975 0 83 2
P 12.3313148452 4.9753975891 0 83 2
P 11.4654367992 20.5758229031 0 5 4
P 9.8461697483 2.5370818835 0 5 4
P 13.1900540801 13.8917287988 0 39 1
P 8.1215524674 9.2211759878 0 39 1
P 0.0000000000 0.0000000000 0 45 5
P 21.3116065475 23.1129047867 0 45 5
P 7.3362896104 1.4786954492 0 60 3
P 13.9753169371 21.6342093375 0 60 3
P 18.5974537407 10.8018305054 0 14 3
P 2.7141528068 12.3110742813 0 14 3
P 6.5110863030 15.5244051961 0 7 3
P 14.8005202444 7.5884995906 0 7 3
