P 10.5344252691 11.8361774012 0 63 3
P 19.6962589751 2.7255653714 1 100 5
P 1.3725915632 20.9467894309 2 100 5
P 4.0679588039 2.5771060076 0 69 2
P 17.0008917344 21.0952487947 0 69 2
P 3.0504348292 18.9922262481 0 33 4
P 18.0184157090 4.6801285542 0 33 4
P 21.0688505383 8.0758880377 0 85 3
P 0.0000000000 15.5964667646 0 85 3
P 2.3598924067 7.8577542267 0 17 4
P 18.7089581316 15.8146005756 0 17 4
P 5.2372502336 4.6976834893 0 33 2
P 15.8316003046 18.9746713131 0 33 2
P 15.8043062351 12.6545167401 0 57 1
P 5.2645443032 11.0178380623 0 57 1
P 12.7414196305 14.7354043344 0 89 2
P 8.3274309078 8.9369504680 0 89 2
P 9.3210578753 1.1671415498 0 71 2
P 11.7477926629 22.5052132525 0 71 2
P 2.6063180243 3.0042572930 0 80 3
P 18.4625325140 20.6680975094 0 80 3
P 16.2239969672 23.6723548023 0 68 2
P 4.8448535711 0.0000000000 0 68 2
