P 11.7653188257 11.3517748673 0 1 1
P 20.3079076057 9.9366201730 1 100 5
P 3.2227300458 12.7669295616 2 100 5
P 22.2199030026 12.8627401576 0 47 2
P 1.3107346489 9.8408095771 0 47 2
P 23.4237217714 15.0663736495 0 39 3
P 0.1069158800 7.6371760851 0 39 3
P 22.2364128373 0.0000000000 0 49 1
P 1.2942248142 22.7035497346 0 49 1
P 22.3630584881 9.9371656449 0 54 1
P 1.1675791634 12.7663840897 0 54 1
P 13.1877569580 18.2384810123 0 17 1
P 10.3428806934 4.4650687224 0 17 1
P 13.3188737507 9.6946020730 0 6 3
P 10.2117639008 13.0089476616 0 6 3
P 22.5820996568 20.7491991393 0 24 1
P 0.9485379946 1.9543505953 0 24 1
P 20.7844073906 2.7476690536 0 1 5
P 2.7462302608 19.9558806810 0 1 5
P 23.5306376515 17.2786250903 0 78 2
P 0.0000000000 5.4249246444 0 78 2
P 12.5788751936 21.5399355914 0 62 5
P 10.9517624578 1.1636141432 0 62 5
