P 11.7189284003 11.8914886526 0 145 3
P 16.0810859204 6.5043373622 1 100 5
P 7.3567708802 17.2786399430 2 100 5
P 3.7810094784 22.4799412445 0 44 3
P 19.6568473222 1.3030360608 0 44 3
P 8.8797841225 3.8251555878 0 19 5
P 14.5580726781 19.9578217175 0 19 5
P 13.8439719443 10.0731297704 0 71 1
P 9.5938848563 13.7098475349 0 71 1
P 10.1739134836 13.0856499323 0 61 1
P 13.2639433170 10.6973273729 0 61 1
P 1.9725895608 22.4140792891 0 13 3
P 21.4652672398 1.3688980161 0 13 3
P 16.8628663983 18.8840714222 0 37 4
P 6.5749904022 4.8989058830 0 37 4
P 15.5224601587 23.7829773053 0 31 1
P 7.9153966419 0.0000000000 0 31 1
P 12.6390029549 1.0219644611 0 17 5
P 10.7988538457 22.7610128442 0 17 5
P 23.4378568006 5.5096097055 0 44 3
P 0.0000000000 18.2733675997 0 44 3
P 9.2707163884 15.4839606022 0 18 3
P 14.1671404122 8.2990167031 0 18 3
