P 11.5645079499 11.1618349287 0 115 5
P 5.5818671647 17.8992205644 1 100 5
P 17.5471487351 4.4244492931 2 100 5
P 0.0994193852 22.3236698575 0 1 2
P 23.0295965145 0.0000000000 0 1 2
P 0.1158693396 5.9885708420 0 30 2
P 23.0131465602 16.3350990155 0 30 2
P 14.5872264796 16.5048666077 0 14 5
P 8.5417894202 5.8188032498 0 14 5
P 11.1067415677 15.0821484807 0 79 5
P 12.0222743321 7.2415213768 0 79 5
P 21.4309099193 0.4802187460 0 17 4
P 1.6981059805 21.8434511115 0 17 4
P 10.7891091457 17.9870252805 0 72 1
P 12.3399067541 4.3366445770 0 72 1
P 4.9921357022 12.0272049252 0 46 1
P 18.1368801976 10.2964649323 0 46 1
P 11.5917128639 12.4873360714 0 87 1
P 11.5373030359 9.8363337861 0 87 1
P 19.7167450058 6.5743524165 0 52 4
P 3.4122708940 15.7493174410 0 52 4
P 23.1290158998 21.7947176983 0 38 3
P 0.0000000000 0.5289521592 0 38 3
