P 11.3978361187 11.8378215282 0 133 1
P 15.4241205414 12.3365039697 1 100 5
P 7.3715516959 11.3391390868 2 100 5
P 0.0000000000 18.4001305189 0 20 2
P 22.7956722373 5.2755125376 0 20 2
P 21.4874915990 8.8072621863 0 60 2
P 1.3081806383 14.8683808701 0 60 2
P 1.4716528400 6.8601653012 0 20 1
P 21.3240193973 16.8154777553 0 20 1
P 9.4347752004 13.1908440689 0 2 5
P 13.3608970369 10.4847989876 0 2 5
P 4.8682946809 3.8009213041 0 3 4
P 17.9273775564 19.8747217524 0 3 4
P 15.0770637277 0.4427244367 0 18 2
P 7.7186085096 23.2329186198 0 18 2
P 14.1274242616 16.9165684809 0 37 1
P 8.6682479757 6.7590745756 0 37 1
P 21.0014223517 6.9403985548 0 45 1
P 1.7942498856 16.7352445017 0 45 1
P 1.0627221247 23.6756430565 0 14 3
P 21.7329501127 0.0000000000 0 14 3
P 8.2050982938 1.2311239807 0 66 5
P 14.5905739435 22.4445190758 0 66 5
