P 11.5544046720 10.0282688132 0 52 1
P 1.2321425831 11.0447046994 1 100 5
P 21.8766667609 9.0118329269 2 100 5
P 14.8445494319 19.7054905573 0 10 3
P 8.2642599122 0.3510470690 0 10 3
P 5.6105011318 0.0000000000 0 67 3
P 17.4983082123 20.0565376263 0 67 3
P 6.5739212737 11.7687129880 0 18 3
P 16.5348880703 8.2878246383 0 18 3
P 15.8100225925 15.1695094924 0 75 4
P 7.2987867516 4.8870281339 0 75 4
P 2.0534666563 5.9572812645 0 72 4
P 21.0553426878 14.0992563619 0 72 4
P 14.7363257402 9.0500624744 0 1 1
P 8.3724836038 11.0064751520 0 1 1
P 11.1264872305 13.8361871456 0 63 1
P 11.9823221136 6.2203504807 0 63 1
P 13.0395447486 18.6878940289 0 63 2
P 10.0692645954 1.3686435974 0 63 2
P 0.0000000000 15.0388915125 0 50 5
P 23.1088093441 5.0176461139 0 50 5
P 9.7062680394 6.2228984228 0 75 5
P 13.4025413047 13.8336392035 0 75 5
