P 11.8140515572 8.1132856366 0 128 1
P 20.5729948378 8.9544628789 1 100 5
P 3.0551082767 7.2721083943 2 100 5
P 2.2528535473 0.0076557733 0 5 3
P 21.3752495672 16.2189154998 0 5 3
P 0.0000000000 9.7671134592 0 1 3
P 23.6281031145 6.4594578140 0 1 3
P 10.1812662902 2.7798938168 0 31 4
P 13.4468368243 13.4466774564 0 31 4
P 7.9629859030 14.2118526354 0 75 2
P 15.6651172115 2.0147186378 0 75 2
P 21.6882575255 3.0995641589 0 4 5
P 1.9398455890 13.1270071143 0 4 5
P 16.3242747264 4.1007379015 0 63 4
P 7.3038283881 12.1258333717 0 63 4
P 13.3963426861 7.0186477783 0 90 1
P 10.2317604284 9.2079234948 0 90 1
P 14.6137838357 16.2265712732 0 29 4
P 9.0143192788 0.0000000000 0 29 4
P 9.5811650164 6.5176939920 0 56 5
P 14.0469380981 9.7088772812 0 56 5
P 16.8850680929 7.8101629763 0 85 2
P 6.7430350216 8.4164082969 0 85 2
