P 10.9046566369 10.1502013198 0 96 2
P 3.2389099576 9.0897265790 1 100 5
P 18.5704033163 11.2106760606 2 100 5
P 15.8279586694 9.8344619506 0 39 5
P 5.9813546045 10.4659406890 0 39 5
P 7.0695850286 12.0020975266 0 48 5
P 14.7397282453 8.2983051130 0 48 5
P 9.1865101909 6.2778353609 0 3 2
P 12.6228030830 14.0225672787 0 3 2
P 7.1666686009 0.9690544014 0 88 1
P 14.6426446730 19.3313482382 0 88 1
P 12.5054631552 3.1488270066 0 58 2
P 9.3038501187 17.1515756329 0 58 2
P 12.3197797706 18.8995106420 0 17 1
P 9.4895335033 1.4008919976 0 17 1
P 21.0866990411 9.3705973147 0 37 5
P 0.7226142328 10.9298053248 0 37 5
P 21.8093132739 1.2808375290 0 2 5
P 0.0000000000 19.0195651106 0 2 5
P 15.8871890529 3.4498115943 0 54 5
P 5.9221242210 16.8505910453 0 54 5
P 18.3071024913 0.0000000000 0 26 1
P 3.5022107826 20.3004026396 0 26 1
