P 11.7841310798 11.9674220346 0 9 5
P 12.1297261064 7.1683796491 1 100 5
P 11.4385360533 16.7664644200 2 100 5
P 10.4976942774 20.9527674936 0 8 3
P 13.0705678822 2.9820765755 0 8 3
P 5.7123188925 14.3730572529 0 63 1
P 17.8559432672 9.5617868163 0 63 1
P 0.0000000000 23.9348440692 0 37 1
P 23.5682621596 0.0000000000 0 37 1
P 22.3278821773 23.1204628046 0 20 4
P 1.2403799823 0.8143812645 0 20 4
P 9.3662167421 19.0886091157 0 67 5
P 14.2020454175 4.8462349534 0 67 5
P 17.8857664363 1.7686560237 0 8 5
P 5.6824957233 22.1661880455 0 8 5
P 4.3468027843 11.0683513559 0 53 4
P 19.2214593753 12.8664927133 0 53 4
P 13.0230289460 16.2054346838 0 5 2
P 10.5452332136 7.7294093853 0 5 2
P 19.2390174285 7.0935567688 0 28 2
P 4.3292447311 16.8412873004 0 28 2
P 21.6255839903 15.8045869506 0 31 3
P 1.9426781693 8.1302571186 0 31 3
