P 10.6942789139 10.9296404863 0 123 5
P 7.2353870753 21.0608798513 1 100 5
P 14.1531707524 0.7984011214 2 100 5
P 8.0582437404 8.6842589866 0 79 3
P 13.3303140874 13.1750219861 0 79 3
P 13.8984428150 21.8592809727 0 33 4
P 7.4901150127 0.0000000000 0 33 4
P 9.0239040074 18.7671558646 0 68 3
P 12.3646538203 3.0921251080 0 68 3
P 6.9716360750 15.5075833981 0 81 1
P 14.4169217527 6.3516975745 0 81 1
P 0.0000000000 2.9139532274 0 82 4
P 21.3885578277 18.9453277453 0 82 4
P 9.0074457382 16.8230963241 0 71 3
P 12.3811120896 5.0361846485 0 71 3
P 2.8429173915 10.4446211171 0 34 5
P 18.5456404363 11.4146598556 0 34 5
P 14.9519230085 7.9598531946 0 18 5
P 6.4366348192 13.8994277780 0 18 5
P 17.4791101224 6.7621025884 0 72 2
P 3.9094477053 15.0971783842 0 72 2
P 5.4563814911 16.6185555461 0 76 4
P 15.9321763366 5.2407254266 0 76 4
