P 11.0117296833 11.5243064424 0 49 5
P 0.0000000000 19.6423848400 1 100 5
P 22.0234593665 3.4062280447 2 100 5
P 18.0943987677 16.1422883757 0 60 4
P 3.9290605988 6.9063245090 0 60 4
P 3.6790558080 5.0690279738 0 86 4
P 18.3444035586 17.9795849109 0 86 4
P 17.5894166164 12.7572094150 0 46 2
P 4.4340427501 10.2914034698 0 46 2
P 19.5760678926 13.1323086345 0 56 1
P 2.4473914739 9.9163042502 0 56 1
P 8.0181261525 18.2024272616 0 9 4
P 14.0053332141 4.8461856231 0 9 4
P 6.8082143100 15.2917989117 0 40 3
P 15.2152450565 7.7568139731 0 40 3
P 1.4606787830 3.8265479672 0 10 5
P 20.5627805835 19.2220649175 0 10 5
P 15.8952975943 10.4099301409 0 79 1
P 6.1281617722 12.6386827438 0 79 1
P 2.5153353151 0.0000000000 0 21 3
P 19.5081240514 23.0486128847 0 21 3
P 5.2432261842 13.6350492191 0 28 3
P 16.7802331824 9.4135636657 0 28 3
