P 11.6747368386 11.0614908631 0 125 5
P 5.6403544087 18.2123790617 1 100 5
P 17.7091192686 3.9106026645 2 100 5
P 1.2457970387 1.9152158247 0 81 5
P 22.1036766386 20.2077659016 0 81 5
P 8.6025274175 10.6140456100 0 55 3
P 14.7469462597 11.5089361162 0 55 3
P 2.7668371921 21.1302902238 0 84 5
P 20.5826364851 0.9926915024 0 84 5
P 13.4386236320 8.8551050056 0 44 3
P 9.9108500452 13.2678767206 0 44 3
P 9.4980742491 3.1506194040 0 46 4
P 13.8513994281 18.9723623223 0 46 4
P 1.8554842816 10.7626272043 0 18 4
P 21.4939893957 11.3603545219 0 18 4
P 20.5191995821 6.1306732363 0 11 5
P 2.8302740952 15.9923084900 0 11 5
P 23.3494736773 0.0000000000 0 71 2
P 0.0000000000 22.1229817262 0 71 2
P 2.3602094661 6.8571925419 0 51 2
P 20.9892642111 15.2657891844 0 51 2
P 17.2640526599 14.9948243159 0 89 2
P 6.0854210174 7.1281574104 0 89 2
