P 11.3948230592 9.9609996704 0 65 0
P 0.0000000000 3.5849259959 1 100 5
P 22.7896461183 16.3370733449 2 100 5
P 2.2868506360 0.0000000000 0 33 5
P 20.5027954823 19.9219993408 0 33 5
P 3.3044067413 17.2357256493 0 32 5
P 19.4852393770 2.6862736916 0 32 5
P 5.6876717497 16.7983685922 0 38 2
P 17.1019743686 3.1236307487 0 38 2
P 9.9484922113 3.6717852334 0 73 2
P 12.8411539070 16.2502141075 0 73 2
P 15.3820862357 15.8484437167 0 68 3
P 7.4075598826 4.0735556241 0 68 3
P 2.3134467613 12.1872332823 0 37 3
P 20.4761993571 7.7347660585 0 37 3
P 12.5440437815 18.1776850122 0 63 1
P 10.2456023368 1.7443143286 0 63 1
P 21.6505087305 5.9199734246 0 47 3
P 1.1391373878 14.0020259162 0 47 3
P 2.6285227810 7.8318256810 0 87 3
P 20.1611233373 12.0901736599 0 87 3
P 4.1030179803 13.8862733421 0 69 1
P 18.6866281380 6.0357259987 0 69 1
