P 11.1438593227 10.0170507869 0 82 1
P 12.4280276245 0.4263193088 1 100 5
P 9.8596910210 19.6077822650 2 100 5
P 10.0592333013 2.4800358575 0 26 4
P 12.2284853441 17.5540657162 0 26 4
P 19.0254275142 18.8681960306 0 54 2
P 3.2622911312 1.1659055432 0 54 2
P 14.9745682622 8.2588461080 0 24 4
P 7.3131503832 11.7752554658 0 24 4
P 3.8926205877 16.2440270559 0 56 1
P 18.3950980578 3.7900745179 0 56 1
P 0.8763667461 13.9649061663 0 12 2
P 21.4113518993 6.0691954075 0 12 2
P 2.5479620521 14.3672180056 0 56 4
P 19.7397565934 5.6668835681 0 56 4
P 12.3451717740 4.3481518125 0 42 1
P 9.9425468715 15.6859497613 0 42 1
P 0.0000000000 20.0341015738 0 76 5
P 22.2877186454 0.0000000000 0 76 5
P 7.4027054307 2.9946527160 0 53 4
P 14.8850132147 17.0394488578 0 53 4
P 0.7495989319 16.7557122487 0 72 4
P 21.5381197136 3.2783893250 0 72 4
