P 11.1229149136 11.4092913640 0 78 0
P 21.2503070409 1.7239088089 1 100 5
P 0.9955227864 21.0946739191 2 100 5
P 5.2412184278 2.9076052545 0 59 3
P 17.0046113995 19.9109774734 0 59 3
P 0.4390816616 14.6982926981 0 24 1
P 21.8067481657 8.1202900298 0 24 1
P 22.2458298273 15.8632993325 0 15 5
P 0.0000000000 6.9552833955 0 15 5
P 13.0804732801 4.5548368714 0 68 3
P 9.1653565472 18.2637458566 0 68 3
P 7.8883943073 14.9108904521 0 17 5
P 14.3574355200 7.9076922759 0 17 5
P 4.2670479027 18.4926766765 0 44 2
P 17.9787819246 4.3259060515 0 44 2
P 9.8412872897 22.8185827280 0 4 3
P 12.4045425376 0.0000000000 0 4 3
P 1.6773537629 11.8294072430 0 56 1
P 20.5684760644 10.9891754850 0 56 1
P 15.0413446832 13.4408636566 0 71 2
P 7.2044851441 9.3777190714 0 71 2
P 4.4434885292 11.4527756662 0 34 3
P 17.8023412981 11.3658070617 0 34 3
