P 11.1058096062 10.4422968768 0 3 4
P 22.2116192124 11.9422793369 1 100 5
P 0.0000000000 8.9423144166 2 100 5
P 5.3889320145 18.8483047461 0 53 4
P 16.8226871979 2.0362890074 0 53 4
P 17.0435438534 13.4371322121 0 81 4
P 5.1680753590 7.4474615415 0 81 4
P 4.6992419533 20.8845937536 0 76 1
P 17.5123772591 0.0000000000 0 76 1
P 4.2316064780 15.8593388385 0 52 4
P 17.9800127344 5.0252549150 0 52 4
P 16.0796809346 5.0473662191 0 82 4
P 6.1319382778 15.8372275344 0 82 4
P 20.4709937929 15.5058162806 0 28 4
P 1.7406254195 5.3787774729 0 28 4
P 7.8673308528 13.3864775102 0 48 3
P 14.3442883596 7.4981162434 0 48 3
P 14.6955426068 15.6854447572 0 87 3
P 7.5160766055 5.1991489964 0 87 3
P 12.7549653560 0.7948641930 0 63 5
P 9.4566538564 20.0897295606 0 63 5
P 16.4532122577 15.2029172663 0 64 3
P 5.7584069547 5.6816764873 0 64 3
