P 9.3767835672 10.6230118045 0 131 3
P 0.0000000000 6.8986590462 1 100 5
P 18.7535671344 14.3473645627 2 100 5
P 12.9161792607 3.7862003463 0 48 2
P 5.8373878737 17.4598232626 0 48 2
P 17.3970148905 7.1031997684 0 64 2
P 1.3565522439 14.1428238406 0 64 2
P 4.8984737233 19.0151471882 0 50 5
P 13.8550934111 2.2308764207 0 50 5
P 7.0353017370 2.8817145614 0 64 5
P 11.7182653973 18.3643090475 0 64 5
P 13.9047881951 8.1461766549 0 80 4
P 4.8487789393 13.0998469540 0 80 4
P 11.2988697865 14.2768717065 0 16 2
P 7.4546973479 6.9691519025 0 16 2
P 7.7239918037 11.3962472060 0 36 3
P 11.0295753307 9.8497764030 0 36 3
P 6.6064033837 21.2460236090 0 33 4
P 12.1471637507 0.0000000000 0 33 4
P 4.0056225453 15.1283053752 0 49 3
P 14.7479445891 6.1177182338 0 49 3
P 18.1407798948 8.6456412564 0 64 2
P 0.6127872395 12.6003823525 0 64 2
