P 9.6806719702 10.9244092512 0 13 1
P 4.2312739846 10.8920605531 1 100 5
P 15.1300699558 10.9567579492 2 100 5
P 19.3613439404 18.7120934328 0 86 5
P 0.0000000000 3.1367250696 0 86 5
P 7.8474890105 18.7827484285 0 30 3
P 11.5138549300 3.0660700738 0 30 3
P 13.0665453733 9.3450900546 0 85 1
P 6.2947985671 12.5037284477 0 85 1
P 18.9534356049 0.0000000000 0 76 4
P 0.4079083355 21.8488185023 0 76 4
P 12.6996554456 15.9944171421 0 79 3
P 6.6616884948 5.8544013602 0 79 3
P 6.9174085478 17.5814557530 0 65 3
P 12.4439353926 4.2673627493 0 65 3
P 4.6536565594 9.0267165159 0 42 3
P 14.7076873811 12.8221019864 0 42 3
P 15.4752872882 16.1924601347 0 66 1
P 3.8860566522 5.6563583676 0 66 1
P 10.7364070354 16.9971282375 0 72 3
P 8.6249369050 4.8516902648 0 72 3
P 11.6117301228 6.7162606747 0 52 3
P 7.7496138177 15.1325578276 0 52 3
