P 10.2351565241 9.2805030147 0 41 1
P 19.9793446567 13.0152320997 1 100 5
P 0.4909683915 5.5457739297 2 100 5
P 0.0000000000 7.5765481589 0 84 1
P 20.4703130482 10.9844578705 0 84 1
P 1.3908547132 7.4850965550 0 51 2
P 19.0794583350 11.0759094744 0 51 2
P 15.0287927943 18.5610060294 0 57 2
P 5.4415202539 0.0000000000 0 57 2
P 11.8197007756 7.5517237780 0 50 2
P 8.6506122726 11.0092822514 0 50 2
P 4.1034618747 1.5409309908 0 3 1
P 16.3668511735 17.0200750386 0 3 1
P 5.0131877349 11.6643423790 0 22 2
P 15.4571253133 6.8966636504 0 22 2
P 9.8700582394 4.8804149688 0 38 5
P 10.6002548088 13.6805910606 0 38 5
P 12.0501935128 4.9285133131 0 51 1
P 8.4201195354 13.6324927163 0 51 1
P 18.3594388265 17.1112757889 0 45 2
P 2.1108742217 1.4497302405 0 45 2
P 15.3464323018 2.2550482425 0 25 4
P 5.1238807464 16.3059577869 0 25 4
