P 11.4222346765 11.5616373157 0 107 2
P 4.2339941246 8.7095056142 1 100 5
P 18.6104752285 14.4137690172 2 100 5
P 19.6709884646 0.8038038056 0 51 1
P 3.1734808884 22.3194708258 0 51 1
P 9.4238725796 13.8385295746 0 3 3
P 13.4205967735 9.2847450568 0 3 3
P 1.9272647099 16.1313139275 0 41 3
P 20.9172046431 6.9919607039 0 41 3
P 7.8820366561 20.7589169949 0 29 3
P 14.9624326969 2.3643576365 0 29 3
P 22.6984792755 10.9990494451 0 68 1
P 0.1459900775 12.1242251862 0 68 1
P 8.6103190671 4.4543934187 0 22 5
P 14.2341502859 18.6688812127 0 22 5
P 2.7965708761 13.6485188145 0 40 4
P 20.0478984770 9.4747558168 0 40 4
P 4.1943303105 3.7720582540 0 90 1
P 18.6501390425 19.3512163774 0 90 1
P 0.0000000000 0.0000000000 0 35 5
P 22.8444693530 23.1232746314 0 35 5
P 16.4302739727 8.6080223921 0 12 5
P 6.4141953804 14.5152522393 0 12 5
