P 11.7746668047 11.6651639676 0 87 1
P 3.7440357300 13.6985247460 1 100 5
P 19.8052978794 9.6318031892 2 100 5
P 19.9120546486 5.5434664141 0 71 4
P 3.6372789608 17.7868615211 0 71 4
P 19.9573272187 7.6333718410 0 12 2
P 3.5920063907 15.6969560942 0 12 2
P 2.0116624730 9.8302871258 0 72 3
P 21.5376711365 13.5000408094 0 72 3
P 15.1306060511 21.9939849628 0 2 5
P 8.4187275583 1.3363429724 0 2 5
P 9.3218589618 9.8832066738 0 86 2
P 14.2274746477 13.4471212614 0 86 2
P 10.6607329001 0.4484849388 0 74 1
P 12.8886007093 22.8818429964 0 74 1
P 6.3596418306 21.3295240725 0 38 3
P 17.1896917788 2.0008038627 0 38 3
P 15.7511607109 23.3303279352 0 47 2
P 7.7981728985 0.0000000000 0 47 2
P 7.4080386345 13.7253740047 0 23 5
P 16.1412949749 9.6049539305 0 23 5
P 0.0000000000 22.5675252036 0 14 3
P 23.5493336094 0.7628027316 0 14 3
