P 11.7909966185 11.7691589332 0 12 3
P 16.7710689012 23.1908765692 1 100 5
P 6.8109243358 0.3474412972 2 100 5
P 0.0000000000 3.3345553741 0 53 2
P 23.5819932369 20.2037624923 0 53 2
P 10.2459504317 0.0000000000 0 74 2
P 13.3360428053 23.5383178664 0 74 2
P 2.2024308118 10.3452252459 0 81 3
P 21.3795624251 13.1930926206 0 81 3
P 17.7975372941 16.3511057125 0 46 2
P 5.7844559428 7.1872121539 0 46 2
P 19.3685324282 11.2820428923 0 36 5
P 4.2134608087 12.2562749741 0 36 5
P 12.0130152348 1.7532949679 0 10 1
P 11.5689780021 21.7850228985 0 10 1
P 1.7534536988 14.9075529459 0 14 5
P 21.8285395381 8.6307649206 0 14 5
P 19.0793020404 5.3268718446 0 9 5
P 4.5026911965 18.2114460218 0 9 5
P 8.9141059708 12.9764496707 0 54 3
P 14.6678872661 10.5618681957 0 54 3
P 13.2291284228 6.9036142821 0 56 5
P 10.3528648142 16.6347035843 0 56 5
