P 11.4550940057 11.6798388249 0 133 3
P 21.7892994237 8.6784783232 1 100 5
P 1.1208885876 14.6811993265 2 100 5
P 10.4475268994 6.6732929268 0 25 3
P 12.4626611119 16.6863847229 0 25 3
P 0.3158436568 10.9625709667 0 23 4
P 22.5943443545 12.3971066831 0 23 4
P 4.6679164789 14.1611791692 0 7 4
P 18.2422715324 9.1984984806 0 7 4
P 22.9101880113 19.2755571396 0 61 2
P 0.0000000000 4.0841205102 0 61 2
P 4.3781918941 2.0977716977 0 68 3
P 18.5319961172 21.2619059520 0 68 3
P 6.6665931487 21.2393822471 0 85 3
P 16.2435948626 2.1202954026 0 85 3
P 2.0715449239 0.0000000000 0 87 1
P 20.8386430875 23.3596776497 0 87 1
P 6.7687092939 14.6769494334 0 5 4
P 16.1414787174 8.6827282164 0 5 4
P 1.7349367448 20.6083747841 0 88 1
P 21.1752512665 2.7513028657 0 88 1
P 10.8649702980 16.6145981479 0 19 5
P 12.0452177134 6.7450795019 0 19 5
