P 11.9248297959 11.3786517640 0 120 2
P 3.0441201828 8.3690320143 1 100 5
P 20.8055394091 14.3882715136 2 100 5
P 11.6295011768 0.0000000000 0 40 4
P 12.2201584150 22.7573035279 0 40 4
P 6.4757635773 10.7192664457 0 13 2
P 17.3738960146 12.0380370822 0 13 2
P 13.4819656263 20.6750344842 0 56 1
P 10.3676939655 2.0822690437 0 56 1
P 19.1686649971 5.7298040789 0 65 5
P 4.6809945948 17.0274994490 0 65 5
P 15.4388723334 7.9360985346 0 14 3
P 8.4107872585 14.8212049933 0 14 3
P 2.9301454997 16.2473611647 0 40 1
P 20.9195140921 6.5099423633 0 40 1
P 7.2609012533 16.5714929032 0 54 3
P 16.5887583385 6.1858106247 0 54 3
P 23.8496595918 15.6627003512 0 60 1
P 0.0000000000 7.0946031767 0 60 1
P 16.8302266304 1.6551196695 0 41 5
P 7.0194329615 21.1021838584 0 41 5
P 13.5419123944 7.4058940631 0 18 2
P 10.3077471975 15.3514094648 0 18 2
