P 11.7136805131 9.8856924613 0 62 5
P 11.9725111294 5.5120388817 1 100 5
P 11.4548498967 14.2593460410 2 100 5
P 23.4273610261 10.5174177114 0 62 3
P 0.0000000000 9.2539672112 0 62 3
P 1.9602475324 5.0301752486 0 14 1
P 21.4671134937 14.7412096740 0 14 1
P 0.0107403025 2.5407466975 0 16 5
P 23.4166207236 17.2306382252 0 16 5
P 21.1198190251 19.7713849227 0 68 4
P 2.3075420010 0.0000000000 0 68 4
P 8.7515734140 16.5405427034 0 65 4
P 14.6757876122 3.2308422193 0 65 4
P 13.4825519237 7.3310211596 0 22 2
P 9.9448091024 12.4403637631 0 22 2
P 18.9474060549 2.0962613794 0 79 4
P 4.4799549712 17.6751235433 0 79 4
P 16.5559746812 0.1214509272 0 19 1
P 6.8713863450 19.6499339955 0 19 1
P 9.0939217662 13.8516844687 0 78 1
P 14.3334392599 5.9197004540 0 78 1
P 20.3347267566 8.3584469894 0 67 1
P 3.0926342695 11.4129379333 0 67 1
