P 11.6050141564 11.2367117439 0 94 4
P 7.8784684799 6.9416091810 1 100 5
P 15.3315598328 15.5318143068 2 100 5
P 4.8897736095 18.5528740410 0 41 5
P 18.3202547032 3.9205494467 0 41 5
P 2.2216609764 0.0000000000 0 62 2
P 20.9883673363 22.4734234877 0 62 2
P 9.7787965917 0.8439480368 0 58 5
P 13.4312317210 21.6294754509 0 58 5
P 10.0603552135 20.2115235646 0 72 5
P 13.1496730992 2.2618999231 0 72 5
P 4.3496184556 14.7481262082 0 30 5
P 18.8604098572 7.7252972795 0 30 5
P 6.4220520288 19.5359627435 0 50 1
P 16.7879762839 2.9374607443 0 50 1
P 16.5548276680 9.2489745474 0 58 5
P 6.6552006447 13.2244489404 0 58 5
P 0.7991234403 18.1976223300 0 78 2
P 22.4109048724 4.2758011577 0 78 2
P 16.2223557458 21.2344896073 0 83 5
P 6.9876725669 1.2389338805 0 83 5
P 23.2100283127 0.2865291463 0 39 1
P 0.0000000000 22.1868943415 0 39 1
