P 11.8600035868 11.8594863116 0 30 3
P 18.2298283513 17.1412862098 1 100 5
P 5.4901788223 6.5776864135 2 100 5
P 4.7241953931 4.1880449002 0 10 5
P 18.9958117804 19.5309277231 0 10 5
P 22.5307929434 23.7189726232 0 29 2
P 1.1892142301 0.0000000000 0 29 2
P 21.1499761181 12.3312608992 0 89 3
P 2.5700310555 11.3877117240 0 89 3
P 23.7200071736 10.5911081185 0 23 3
P 0.0000000000 13.1278645048 0 23 3
P 12.5507377258 0.3136666195 0 78 5
P 11.1692694478 23.4053060037 0 78 5
P 9.3257181241 23.2803621475 0 33 3
P 14.3942890495 0.4386104757 0 33 3
P 10.4400230173 0.0606292896 0 81 3
P 13.2799841563 23.6583433336 0 81 3
P 17.8925361754 5.2918661224 0 54 3
P 5.8274709982 18.4271065008 0 54 3
P 9.6209419862 17.0614023586 0 20 3
P 14.0990651874 6.6575702646 0 20 3
P 16.9214059342 23.2601334077 0 39 2
P 6.7986012394 0.4588392156 0 39 2
