P 11.2776895497 10.7278105722 0 85 3
P 22.5553790995 2.5283928227 1 100 5
P 0.0000000000 18.9272283218 2 100 5
P 9.4835844196 21.4556211445 0 84 4
P 13.0717946799 0.0000000000 0 84 4
P 17.6604866617 11.7201144675 0 12 1
P 4.8948924378 9.7355066769 0 12 1
P 16.8308743503 15.1311114575 0 43 5
P 5.7245047492 6.3245096869 0 43 5
P 13.9049675343 11.4862518476 0 76 2
P 8.6504115652 9.9693692969 0 76 2
P 12.4918310514 5.4944202665 0 90 5
P 10.0635480481 15.9612008780 0 90 5
P 11.7734534572 12.8548072450 0 7 3
P 10.7819256423 8.6008138995 0 7 3
P 6.6135952913 2.5864386310 0 69 4
P 15.9417838081 18.8691825135 0 69 4
P 17.2130603796 17.4348111159 0 63 2
P 5.3423187199 4.0208100285 0 63 2
P 16.7125006545 4.0543690790 0 77 3
P 5.8428784450 17.4012520655 0 77 3
P 17.5965519518 9.8916516313 0 31 2
P 4.9588271477 11.5639695132 0 31 2
