P 11.1653912250 11.6340447551 0 34 2
P 4.5040567762 1.5158535994 1 100 5
P 17.8267256738 21.7522359107 2 100 5
P 3.4744949133 17.7440963805 0 34 4
P 18.8562875366 5.5239931296 0 34 4
P 22.3307824500 22.0973993531 0 23 1
P 0.0000000000 1.1706901571 0 23 1
P 1.8221138016 4.4594407885 0 26 3
P 20.5086686483 18.8086487217 0 26 3
P 15.0137148681 0.0000000000 0 22 5
P 7.3170675818 23.2680895102 0 22 5
P 15.5062434783 11.8193305525 0 66 4
P 6.8245389717 11.4487589577 0 66 4
P 0.3783508951 16.5434150587 0 15 3
P 21.9524315549 6.7246744515 0 15 3
P 21.8070874651 19.7475548926 0 53 3
P 0.5236949849 3.5205346176 0 53 3
P 13.3889529879 4.9760692255 0 1 3
P 8.9418294620 18.2920202847 0 1 3
P 2.9707702822 14.8097723903 0 90 2
P 19.3600121678 8.4583171198 0 90 2
P 19.1665148936 7.0570842023 0 4 2
P 3.1642675564 16.2110053078 0 4 2
