P 11.9643497765 10.8028636979 0 141 4
P 13.1500081183 13.6328813236 1 100 5
P 10.7786914347 7.9728460722 2 100 5
P 23.9286995530 18.9032799056 0 8 2
P 0.0000000000 2.7024474902 0 8 2
P 16.1599324272 0.3754859270 0 68 4
P 7.7687671258 21.2302414687 0 68 4
P 0.6686943996 10.0908690403 0 70 5
P 23.2600051534 11.5148583555 0 70 5
P 18.0644530328 2.8330554677 0 1 2
P 5.8642465202 18.7726719281 0 1 2
P 19.5770261900 9.9895988079 0 9 5
P 4.3516733629 11.6161285879 0 9 5
P 23.0124858427 13.2209410021 0 38 2
P 0.9162137103 8.3847863937 0 38 2
P 4.8791675851 21.6057273958 0 12 5
P 19.0495319679 0.0000000000 0 12 5
P 18.8676296709 12.4338416478 0 86 4
P 5.0610698820 9.1718857480 0 86 4
P 15.1679499555 2.3130420718 0 57 2
P 8.7607495975 19.2926853240 0 57 2
P 14.7625335039 20.4947551026 0 83 1
P 9.1661660490 1.1109722932 0 83 1
