P 11.5327737739 10.7528217243 0 1 0
P 13.1257504435 15.6356759777 1 100 5
P 9.9397971043 5.8699674708 2 100 5
P 14.6055180945 5.7059326422 0 46 3
P 8.4600294533 15.7997108064 0 46 3
P 8.0667720028 17.8327509546 0 41 5
P 14.9987755450 3.6728924940 0 41 5
P 12.4097293263 11.6354394535 0 51 5
P 10.6558182215 9.8702039951 0 51 5
P 19.8231747466 7.9690500758 0 9 1
P 3.2423728012 13.5365933727 0 9 1
P 0.7324321571 16.5009426589 0 8 2
P 22.3331153907 5.0047007897 0 8 2
P 1.7128047765 0.0000000000 0 15 4
P 21.3527427713 21.5056434486 0 15 4
P 7.7330629675 19.4924534128 0 19 3
P 15.3324845803 2.0131900357 0 19 3
P 15.3523346928 13.4176161016 0 44 5
P 7.7132128550 8.0880273469 0 44 5
P 3.0801858693 8.6431780833 0 55 1
P 19.9853616785 12.8624653653 0 55 1
P 23.0655475478 14.3887166597 0 22 3
P 0.0000000000 7.1169267889 0 22 3
