P 10.5165179812 11.8116727955 0 118 4
P 19.5462240258 3.0683244928 1 100 5
P 1.4868119366 20.5550210981 2 100 5
P 17.0030877371 6.1462205826 0 56 5
P 4.0299482253 17.4771250083 0 56 5
P 11.2893989735 23.6233455910 0 89 2
P 9.7436369889 0.0000000000 0 89 2
P 21.0330359624 12.6540560260 0 24 3
P 0.0000000000 10.9692895650 0 24 3
P 4.4235373309 13.4971816416 0 28 2
P 16.6094986315 10.1261639493 0 28 2
P 18.5293791753 5.2971081870 0 36 2
P 2.5036567871 18.3262374039 0 36 2
P 9.7030993000 12.8582342141 0 34 1
P 11.3299366624 10.7651113769 0 34 1
P 15.0621955837 12.8037961446 0 42 4
P 5.9708403787 10.8195494464 0 42 4
P 17.8431891286 11.7635126653 0 25 2
P 3.1898468338 11.8598329257 0 25 2
P 10.2800306465 17.6914734737 0 88 1
P 10.7530053159 5.9318721173 0 88 1
P 5.2387018787 22.8502827281 0 13 3
P 15.7943340837 0.7730628628 0 13 3
