P 10.0971187158 11.8926822692 0 11 4
P 5.9809611356 1.2418267211 1 100 5
P 14.2132762960 22.5435378172 2 100 5
P 11.4586691053 7.2504920472 0 70 5
P 8.7355683263 16.5348724912 0 70 5
P 9.3629378981 21.2524782444 0 69 2
P 10.8312995335 2.5328862940 0 69 2
P 14.0801843359 8.0692633726 0 61 3
P 6.1140530957 15.7161011657 0 61 3
P 1.1260008892 0.0000000000 0 28 1
P 19.0682365424 23.7853645383 0 28 1
P 0.0000000000 13.2303835625 0 65 3
P 20.1942374316 10.5549809758 0 65 3
P 19.6863836738 17.4804725170 0 37 5
P 0.5078537578 6.3048920214 0 37 5
P 3.4677411893 9.8039356180 0 23 5
P 16.7264962423 13.9814289203 0 23 5
P 16.8877112646 6.2883491173 0 28 2
P 3.3065261670 17.4970154210 0 28 2
P 11.8505953419 11.3800708258 0 3 5
P 8.3436420897 12.4052937126 0 3 5
P 6.9443032364 21.3268637235 0 63 5
P 13.2499341952 2.4585008148 0 63 5
