P 11.3318471272 11.1478233147 0 30 5
P 9.7280500018 7.7882732226 1 100 5
P 12.9356442527 14.5073734068 2 100 5
P 21.3497724036 2.4624106933 0 13 5
P 1.3139218508 19.8332359362 0 13 5
P 3.8334055933 5.7722696056 0 87 5
P 18.8302886611 16.5233770239 0 87 5
P 4.5491320587 9.0206199666 0 18 3
P 18.1145621958 13.2750266629 0 18 3
P 8.7079021673 12.9147780411 0 83 2
P 13.9557920871 9.3808685883 0 83 2
P 22.6636942544 16.5881649892 0 76 5
P 0.0000000000 5.7074816403 0 76 5
P 13.3990547459 20.9346118779 0 71 3
P 9.2646395086 1.3610347516 0 71 3
P 21.6120926019 22.2956466294 0 11 4
P 1.0516016525 0.0000000000 0 11 4
P 19.9010165203 11.5213611813 0 21 2
P 2.7626777341 10.7742854481 0 21 2
P 15.0199723723 5.4346513736 0 72 3
P 7.6437218821 16.8609952558 0 72 3
P 18.0945181037 6.6499152624 0 71 3
P 4.5691761508 15.6457313670 0 71 3
