P 11.9184464961 11.7859361059 0 19 2
P 13.7714046677 11.3635620639 1 100 5
P 10.0654883245 12.2083101478 2 100 5
P 19.8804800528 22.2973824210 0 44 1
P 3.9564129393 1.2744897908 0 44 1
P 20.0714241322 2.8857335164 0 45 3
P 3.7654688599 20.6861386954 0 45 3
P 6.9230765472 10.7065657390 0 52 5
P 16.9138164450 12.8653064728 0 52 5
P 11.2261626996 20.3232447451 0 52 3
P 12.6107302926 3.2486274667 0 52 3
P 10.8009161403 1.7142962523 0 58 2
P 13.0359768518 21.8575759595 0 58 2
P 9.6209524915 15.8628722913 0 80 4
P 14.2159405007 7.7089999205 0 80 4
P 14.3549887754 1.1929362869 0 5 5
P 9.4819042168 22.3789359249 0 5 5
P 23.8368929922 9.5348950222 0 41 4
P 0.0000000000 14.0369771896 0 41 4
P 12.7672028340 23.5718722118 0 3 3
P 11.0696901582 0.0000000000 0 3 3
P 12.0550420527 10.1898129593 0 77 4
P 11.7818509395 13.3820592525 0 77 4
