P 11.8356456197 10.5986532339 0 106 3
P 4.2553949897 21.1973064678 1 100 5
P 19.4158962497 0.0000000000 2 100 5
P 3.7872644457 18.6306763080 0 69 4
P 19.8840267937 2.5666301598 0 69 4
P 23.6712912394 7.8211553617 0 12 5
P 0.0000000000 13.3761511060 0 12 5
P 20.0396023262 20.0981729199 0 52 3
P 3.6316889132 1.0991335479 0 52 3
P 20.0459100437 12.9376308084 0 6 4
P 3.6253811957 8.2596756594 0 6 4
P 10.6659357486 10.9890753715 0 34 1
P 13.0053554908 10.2082310963 0 34 1
P 16.3521937394 20.9887310327 0 55 1
P 7.3190975000 0.2085754351 0 55 1
P 16.0256641954 10.0196818831 0 39 2
P 7.6456270440 11.1776245847 0 39 2
P 7.2886973318 17.1046323036 0 60 2
P 16.3825939076 4.0926741641 0 60 2
P 5.9298253460 12.7831969805 0 33 3
P 17.7414658935 8.4141094873 0 33 3
P 23.0659573558 12.1754741316 0 13 1
P 0.6053338836 9.0218323362 0 13 1
