P 10.6642279805 10.4373410262 0 38 2
P 20.8087027393 16.6958395209 1 100 5
P 0.5197532217 4.1788425316 2 100 5
P 4.6543742962 11.3332553484 0 70 3
P 16.6740816648 9.5414267041 0 70 3
P 14.6032344059 18.9507679469 0 68 3
P 6.7252215551 1.9239141056 0 68 3
P 15.7871357611 2.1752632084 0 16 2
P 5.5413201999 18.6994188440 0 16 2
P 13.5036289010 15.4885322933 0 47 4
P 7.8248270600 5.3861497591 0 47 4
P 21.3284559610 10.8262923746 0 79 4
P 0.0000000000 10.0483896779 0 79 4
P 9.9769574785 20.2298428622 0 21 5
P 11.3514984824 0.6448391902 0 21 5
P 16.3584618943 20.8746820525 0 82 5
P 4.9699940667 0.0000000000 0 82 5
P 9.9974833289 13.1106105359 0 9 2
P 11.3309726321 7.7640715166 0 9 2
P 9.8509243996 3.2866316080 0 9 2
P 11.4775315614 17.5880504444 0 9 2
P 3.2313287497 0.0650293641 0 71 2
P 18.0971272113 20.8096526884 0 71 2
