P 11.6262795365 11.4015813989 0 82 4
P 8.6046207252 0.0480920188 1 100 5
P 14.6479383477 22.7550707789 2 100 5
P 1.2101984030 11.7999195958 0 29 1
P 22.0423606700 11.0032432019 0 29 1
P 15.6650319284 20.6391852184 0 2 3
P 7.5875271445 2.1639775793 0 2 3
P 10.2909747410 13.6719089847 0 56 2
P 12.9615843319 9.1312538130 0 56 2
P 5.9553007101 0.0000000000 0 42 3
P 17.2972583628 22.8031627977 0 42 3
P 9.9851775886 4.2197182124 0 15 5
P 13.2673814843 18.5834445854 0 15 5
P 1.8888225974 15.2355364707 0 2 1
P 21.3637364755 7.5676263271 0 2 1
P 3.3771498368 1.2040732434 0 37 3
P 19.8754092361 21.5990895543 0 37 3
P 19.8569105323 11.3769636654 0 59 1
P 3.3956485406 11.4261991323 0 59 1
P 0.0000000000 11.8878061305 0 53 2
P 23.2525590729 10.9153566672 0 53 2
P 9.3501080765 2.1697922620 0 42 3
P 13.9024509964 20.6333705357 0 42 3
