P 11.5385899989 11.7998178675 0 98 1
P 14.4565919817 22.4165745147 1 100 5
P 8.6205880161 1.1830612203 2 100 5
P 19.1536268793 7.4400446301 0 90 2
P 3.9235531184 16.1595911049 0 90 2
P 8.1981742383 6.3391742848 0 45 2
P 14.8790057594 17.2604614502 0 45 2
P 7.0991322096 2.3661387797 0 70 3
P 15.9780477881 21.2334969552 0 70 3
P 6.9341747458 11.7623699884 0 69 3
P 16.1430052520 11.8372657466 0 69 3
P 0.7462933440 9.6635569901 0 90 4
P 22.3308866538 13.9360787449 0 90 4
P 16.8276474070 0.8290036846 0 14 1
P 6.2495325907 22.7706320504 0 14 1
P 0.0000000000 12.4171112573 0 25 3
P 23.0771799977 11.1825244777 0 25 3
P 19.7961101512 23.5996357350 0 87 3
P 3.2810698465 0.0000000000 0 87 3
P 5.8777642724 5.8425244269 0 44 4
P 17.1994157253 17.7571113081 0 44 4
P 8.1476174705 3.8069373759 0 51 5
P 14.9295625272 19.7926983590 0 51 5
