P 11.3415096958 11.7560463062 0 102 5
P 4.8199450918 9.8399801039 1 100 5
P 17.8630742998 13.6721125085 2 100 5
P 15.9959520809 8.6610146280 0 19 2
P 6.6870673106 14.8510779845 0 19 2
P 8.1199965180 17.1974508842 0 40 2
P 14.5630228736 6.3146417282 0 40 2
P 20.2382745427 5.6487648215 0 38 5
P 2.4447448489 17.8633277909 0 38 5
P 17.8883993597 23.4795903077 0 6 3
P 4.7946200319 0.0325023048 0 6 3
P 10.2882500413 18.7159284776 0 19 2
P 12.3947693503 4.7961641349 0 19 2
P 12.7175621524 7.1995151896 0 87 2
P 9.9654572392 16.3125774229 0 87 2
P 7.9447783641 22.7358602838 0 49 5
P 14.7382410275 0.7762323286 0 49 5
P 7.2262919951 5.6561514240 0 7 2
P 15.4567273964 17.8559411885 0 7 2
P 22.6830193916 0.0000000000 0 30 1
P 0.0000000000 23.5120926125 0 30 1
P 5.4781819049 15.0320303771 0 25 1
P 17.2048374867 8.4800622354 0 25 1
