P 11.9012407511 9.9406615300 0 41 0
P 1.9367161663 19.8813230600 1 100 5
P 21.8657653359 0.0000000000 2 100 5
P 0.0000000000 13.4160915117 0 6 1
P 23.8024815022 6.4652315483 0 6 1
P 17.9317186894 17.8149357223 0 71 2
P 5.8707628128 2.0663873377 0 71 2
P 0.8650407497 3.6638919281 0 11 2
P 22.9374407525 16.2174311319 0 11 2
P 11.1378968782 12.8777584941 0 39 3
P 12.6645846240 7.0035645659 0 39 3
P 13.1167460220 10.4825495977 0 34 2
P 10.6857354802 9.3987734622 0 34 2
P 17.8058448666 13.2717682930 0 68 4
P 5.9966366356 6.6095547670 0 68 4
P 19.7725210952 16.8767973002 0 41 4
P 4.0299604070 3.0045257597 0 41 4
P 20.2961210964 10.2294190387 0 89 5
P 3.5063604058 9.6519040212 0 89 5
P 8.0642724410 12.0219644923 0 61 1
P 15.7382090612 7.8593585677 0 61 1
P 19.7057741227 5.8592791696 0 13 1
P 4.0967073795 14.0220438903 0 13 1
