P 11.7842815853 10.2157746247 0 112 5
P 19.2357547671 13.4244372721 1 100 5
P 4.3328084035 7.0071119773 2 100 5
P 21.8137710382 16.0628364943 0 3 1
P 1.7547921323 4.3687127551 0 3 1
P 21.2617759655 7.2550441806 0 46 2
P 2.3067872051 13.1765050689 0 46 2
P 9.5524097018 3.9339320715 0 72 5
P 14.0161534688 16.4976171779 0 72 5
P 16.6554246324 9.2988056770 0 40 4
P 6.9131385381 11.1327435724 0 40 4
P 10.7145475236 15.1501834836 0 84 4
P 12.8540156469 5.2813657659 0 84 4
P 2.0377181443 16.0016746856 0 2 3
P 21.5308450263 4.4298745638 0 2 3
P 3.3294608646 2.8121424740 0 36 4
P 20.2391023060 17.6194067754 0 36 4
P 0.0000000000 0.0000000000 0 53 1
P 23.5685631705 20.4315492494 0 53 1
P 19.4155688302 14.8728514644 0 28 1
P 4.1529943404 5.5586977850 0 28 1
P 19.8029603231 10.1260840418 0 21 5
P 3.7656028475 10.3054652076 0 21 5
