P 11.6156980096 11.9429452456 0 45 4
P 17.1808939768 12.2493076456 1 100 5
P 6.0505020423 11.6365828457 2 100 5
P 20.1010467727 11.0674484796 0 13 4
P 3.1303492464 12.8184420116 0 13 4
P 20.7165462173 3.2689705134 0 24 5
P 2.5148498018 20.6169199779 0 24 5
P 15.4869995785 6.7978948349 0 56 1
P 7.7443964406 17.0879956563 0 56 1
P 1.4069272584 3.6735301556 0 86 3
P 21.8244687607 20.2123603356 0 86 3
P 23.2189339060 7.8802674822 0 66 3
P 0.0124621131 16.0056230091 0 66 3
P 10.0659742067 23.8858904913 0 30 1
P 13.1654218124 0.0000000000 0 30 1
P 10.6831464780 20.2326179874 0 64 4
P 12.5482495411 3.6532725038 0 64 4
P 23.2313960191 17.7640947745 0 5 5
P 0.0000000000 6.1217957168 0 5 5
P 5.1404578598 0.2544279770 0 40 4
P 18.0909381593 23.6314625142 0 40 4
P 4.1603319143 21.8019789522 0 37 4
P 19.0710641048 2.0839115391 0 37 4
