P 11.5843123531 11.0257760431 0 50 3
P 8.9500847873 16.6667720418 1 100 5
P 14.2185399189 5.3847800444 2 100 5
P 10.1183459471 7.8799990042 0 67 1
P 13.0502787591 14.1715530819 0 67 1
P 1.0393052665 8.9703032900 0 24 5
P 22.1293194397 13.0812487961 0 24 5
P 22.2329077712 18.0074810358 0 48 2
P 0.9357169349 4.0440710504 0 48 2
P 3.1950535379 20.4468352368 0 12 5
P 19.9735711682 1.6047168493 0 12 5
P 14.6964017184 18.9996849461 0 30 1
P 8.4722229878 3.0518671400 0 30 1
P 23.1686247062 13.8823380162 0 46 1
P 0.0000000000 8.1692140699 0 46 1
P 9.7056529642 13.7119491797 0 37 4
P 13.4629717420 8.3396029064 0 37 4
P 11.7458936031 2.5683158723 0 13 2
P 11.4227311031 19.4832362139 0 13 2
P 13.0713794404 12.5676724112 0 17 4
P 10.0972452658 9.4838796749 0 17 4
P 8.1079137028 22.0515520862 0 50 2
P 15.0607110034 0.0000000000 0 50 2
