P 11.2585149963 11.7821989841 0 118 4
P 7.1967472728 5.0962095806 1 100 5
P 15.3202827197 18.4681883876 2 100 5
P 0.4930536973 4.5800027980 0 52 2
P 22.0239762953 18.9843951701 0 52 2
P 13.1948746243 14.4044141203 0 87 2
P 9.3221553682 9.1599838478 0 87 2
P 0.0000000000 13.0246721567 0 90 2
P 22.5170299925 10.5397258115 0 90 2
P 7.3041247946 2.7706567695 0 88 4
P 15.2129051980 20.7937411986 0 88 4
P 14.4930444874 10.6893780766 0 79 1
P 8.0239855051 12.8750198916 0 79 1
P 17.2476683414 8.1567753815 0 52 4
P 5.2693616512 15.4076225867 0 52 4
P 21.2711026321 4.4181550203 0 73 4
P 1.2459273605 19.1462429479 0 73 4
P 8.6922748465 0.0000000000 0 22 3
P 13.8247551461 23.5643979681 0 22 3
P 9.0421633576 12.8434343435 0 17 2
P 13.4748666349 10.7209636246 0 17 2
P 1.5622235171 6.9116531196 0 80 3
P 20.9548064754 16.6527448486 0 80 3
