P 11.0251374315 10.7316806087 0 44 5
P 11.9944607187 10.7611464461 1 100 5
P 10.0558141442 10.7022147713 2 100 5
P 5.8847822500 12.6988973863 0 64 3
P 16.1654926129 8.7644638311 0 64 3
P 18.2511385354 21.4633612174 0 17 3
P 3.7991363275 0.0000000000 0 17 3
P 1.9268126459 6.8963983799 0 35 5
P 20.1234622170 14.5669628375 0 35 5
P 1.7930515082 13.0678484016 0 69 1
P 20.2572233548 8.3955128157 0 69 1
P 18.6188221959 19.4758468286 0 88 5
P 3.4314526671 1.9875143887 0 88 5
P 10.5010370363 9.3889983079 0 37 1
P 11.5492378266 12.0743629095 0 37 1
P 22.0502748629 20.9904361465 0 84 4
P 0.0000000000 0.4729250709 0 84 4
P 11.8228414635 19.6229886131 0 27 2
P 10.2274333994 1.8403726042 0 27 2
P 4.0811632071 10.3344010796 0 11 5
P 17.9691116558 11.1289601378 0 11 5
P 8.8401089985 19.0639581508 0 22 1
P 13.2101658644 2.3994030666 0 22 1
