P 11.3145867546 11.7637324444 0 42 0
P 5.2932204145 2.5772489135 1 100 5
P 17.3359530947 20.9502159753 2 100 5
P 0.0000000000 1.5027180396 0 55 4
P 22.6291735091 22.0247468492 0 55 4
P 21.2143965537 1.3839665211 0 74 3
P 1.4147769555 22.1434983677 0 74 3
P 20.3523287309 5.8734944863 0 16 5
P 2.2768447782 17.6539704025 0 16 5
P 15.0726268175 23.5274648888 0 40 3
P 7.5565466916 0.0000000000 0 40 3
P 17.0023654965 1.3947895586 0 32 3
P 5.6268080127 22.1326753302 0 32 3
P 10.4749512460 21.8725126227 0 13 2
P 12.1542222631 1.6549522661 0 13 2
P 13.6038644265 2.5406772841 0 24 2
P 9.0253090826 20.9867876046 0 24 2
P 3.8305171895 0.6370735469 0 63 3
P 18.7986563196 22.8903913418 0 63 3
P 1.8081619450 2.4640990880 0 30 3
P 20.8210115641 21.0633658008 0 30 3
P 3.4817808883 3.3018879347 0 48 2
P 19.1473926209 20.2255769541 0 48 2
