P 11.2383925948 11.5615777707 0 73 1
P 9.3091518065 6.2026267230 1 100 5
P 13.1676333831 16.9205288184 2 100 5
P 18.2136364590 16.1214725674 0 50 4
P 4.2631487307 7.0016829739 0 50 4
P 11.5183311121 0.7616074163 0 15 3
P 10.9584540776 22.3615481250 0 15 3
P 4.3863179034 19.9394881148 0 70 5
P 18.0904672863 3.1836674265 0 70 5
P 13.0287247063 11.5792200284 0 13 3
P 9.4480604834 11.5439355129 0 13 3
P 1.9432577053 7.3167892356 0 70 1
P 20.5335274844 15.8063663057 0 70 1
P 12.7809981838 4.6673889219 0 13 3
P 9.6957870059 18.4557666194 0 13 3
P 19.5875473561 7.7382225542 0 53 5
P 2.8892378336 15.3849329871 0 53 5
P 14.1778760097 23.1231555413 0 65 3
P 8.2989091800 0.0000000000 0 65 3
P 0.0000000000 1.2092629155 0 65 3
P 22.4767851897 21.9138926258 0 65 3
P 21.2639880838 5.3264439652 0 37 4
P 1.2127971059 17.7967115761 0 37 4
