P 9.0573766404 11.7458937204 0 61 4
P 10.8976014493 7.3296099041 1 100 5
P 7.2171518315 16.1621775367 2 100 5
P 17.1891280902 12.8726574801 0 62 5
P 0.9256251906 10.6191299607 0 62 5
P 2.6114742023 21.5476675953 0 56 1
P 15.5032790785 1.9441198455 0 56 1
P 10.6843834346 19.2873689622 0 81 1
P 7.4303698463 4.2044184786 0 81 1
P 13.9657626068 0.0000000000 0 52 2
P 4.1489906740 23.4917874408 0 52 2
P 11.6887331920 17.8154235267 0 11 1
P 6.4260200888 5.6763639141 0 11 1
P 18.1147532808 5.6359356258 0 86 4
P 0.0000000000 17.8558518150 0 86 4
P 8.5896362293 2.9965476519 0 76 4
P 9.5251170516 20.4952397889 0 76 4
P 13.4347943316 20.6511650927 0 15 1
P 4.6799589492 2.8406223482 0 15 1
P 15.7644218764 19.0873677447 0 48 2
P 2.3503314044 4.4044196961 0 48 2
P 4.0737462845 21.2357820744 0 61 1
P 14.0410069963 2.2560053665 0 61 1
