P 11.3826737140 11.6166247910 0 49 2
P 7.9256070405 17.8187218727 1 100 5
P 14.8397403876 5.4145277093 2 100 5
P 20.9323264681 0.0000000000 0 38 4
P 1.8330209599 23.2332495820 0 38 4
P 0.0000000000 5.3372384707 0 66 4
P 22.7653474280 17.8960111113 0 66 4
P 15.7284233569 8.2584357412 0 47 2
P 7.0369240712 14.9748138408 0 47 2
P 22.0481671272 3.2063213863 0 18 4
P 0.7171803008 20.0269281957 0 18 4
P 18.7212438782 14.0748393191 0 28 1
P 4.0441035498 9.1584102629 0 28 1
P 16.2051968501 0.3442346381 0 46 1
P 6.5601505779 22.8890149439 0 46 1
P 15.0908518578 12.9602465802 0 67 3
P 7.6744955702 10.2730030018 0 67 3
P 0.7614408623 10.7002511708 0 54 4
P 22.0039065657 12.5329984112 0 54 4
P 10.8496753028 7.0055150907 0 45 5
P 11.9156721253 16.2277344913 0 45 5
P 12.4921777046 0.9621896003 0 89 2
P 10.2731697235 22.2710599817 0 89 2
