P 10.7726160692 10.5272999250 0 93 4
P 10.1500995020 10.4572407205 1 100 5
P 11.3951326364 10.5973591295 2 100 5
P 21.2254844481 0.0000000000 0 81 2
P 0.3197476903 21.0545998500 0 81 2
P 2.7054455516 6.4046662293 0 59 1
P 18.8397865867 14.6499336207 0 59 1
P 10.4608271804 15.8265270963 0 41 3
P 11.0844049580 5.2280727537 0 41 3
P 3.8944174665 10.5146812995 0 48 2
P 17.6508146718 10.5399185505 0 48 2
P 18.2706541206 16.0021184012 0 25 1
P 3.2745780178 5.0524814488 0 25 1
P 18.0686877491 19.6646776961 0 44 1
P 3.4765443893 1.3899221539 0 44 1
P 5.8806189028 4.5945343471 0 86 5
P 15.6646132356 16.4600655029 0 86 5
P 2.2632736611 19.8272159192 0 22 5
P 19.2819584772 1.2273839308 0 22 5
P 21.5452321384 3.8016715403 0 21 5
P 0.0000000000 17.2529283097 0 21 5
P 11.9243539888 17.9924517134 0 50 3
P 9.6208781496 3.0621481366 0 50 3
