P 11.5798554270 11.4367009473 0 87 0
P 22.4279302612 18.6595247177 1 100 5
P 0.7317805927 4.2138771770 2 100 5
P 13.9601463293 8.0351638459 0 54 5
P 9.1995645246 14.8382380488 0 54 5
P 14.3377074703 11.1651532404 0 44 3
P 8.8220033836 11.7082486542 0 44 3
P 23.1597108539 16.4759789596 0 76 4
P 0.0000000000 6.3974229351 0 76 4
P 9.3148341558 8.2224982866 0 82 3
P 13.8448766981 14.6509036080 0 82 3
P 0.1563977190 13.8868453232 0 46 4
P 23.0033131349 8.9865565714 0 46 4
P 8.9020966817 2.6035821934 0 17 1
P 14.2576141722 20.2698197012 0 17 1
P 21.1103438424 16.8981310431 0 2 2
P 2.0493670115 5.9752708515 0 2 2
P 1.6397484102 9.8037052833 0 56 3
P 21.5199624437 13.0696966113 0 56 3
P 21.6753120561 16.0425530151 0 50 1
P 1.4843987978 6.8308488796 0 50 1
P 9.2249854958 0.0000000000 0 76 2
P 13.9347253581 22.8734018946 0 76 2
