P 11.8524359799 11.5030034331 0 63 0
P 13.8226087977 6.8415327439 1 100 5
P 9.8822631621 16.1644741223 2 100 5
P 19.0414956003 21.0245844000 0 22 5
P 4.6633763596 1.9814224662 0 22 5
P 0.9720205893 18.6515496721 0 14 1
P 22.7328513706 4.3544571942 0 14 1
P 23.5112953147 13.3145868207 0 11 1
P 0.1935766452 9.6914200455 0 11 1
P 4.9720909954 9.4004483900 0 13 4
P 18.7327809645 13.6055584762 0 13 4
P 0.0000000000 1.1966207033 0 68 1
P 23.7048719598 21.8093861629 0 68 1
P 5.5069183100 15.3661440906 0 64 1
P 18.1979536499 7.6398627756 0 64 1
P 13.2371575931 0.3703388238 0 66 4
P 10.4677143667 22.6356680424 0 66 4
P 18.0282929326 10.3799774993 0 26 5
P 5.6765790273 12.6260293669 0 26 5
P 0.1046014354 23.0060068662 0 67 5
P 23.6002705244 0.0000000000 0 67 5
P 9.2528843588 11.4125363731 0 88 4
P 14.4519876011 11.5934704931 0 88 4
