P 11.5901248677 11.7510247527 0 73 3
P 18.1037275466 7.2576292042 1 100 5
P 5.0765221888 16.2444203013 2 100 5
P 20.3184163553 6.3692736544 0 68 4
P 2.8618333800 17.1327758511 0 68 4
P 22.6686208354 21.5075140770 0 6 1
P 0.5116289000 1.9945354285 0 6 1
P 8.7251392048 18.0670197169 0 58 4
P 14.4551105306 5.4350297886 0 58 4
P 20.8067188099 17.7583811887 0 3 1
P 2.3735309254 5.7436683167 0 3 1
P 8.4393635357 0.2007381209 0 45 5
P 14.7408861996 23.3013113846 0 45 5
P 0.0000000000 19.9691677075 0 55 4
P 23.1802497353 3.5328817980 0 55 4
P 20.4224747775 0.7003421861 0 38 5
P 2.7577749578 22.8017073194 0 38 5
P 7.7560484706 6.3852782503 0 78 3
P 15.4242012647 17.1167712552 0 78 3
P 12.8426272668 7.3763119017 0 16 2
P 10.3376224685 16.1257376038 0 16 2
P 11.2712421283 23.5020495055 0 37 2
P 11.9090076070 0.0000000000 0 37 2
