P 11.3447104317 8.7724436991 0 135 2
P 18.1767002615 11.1023737132 1 100 5
P 4.5127206019 6.4425136849 2 100 5
P 1.0580906202 7.0157551053 0 66 5
P 21.6313302431 10.5291322929 0 66 5
P 10.1192778359 2.7222200533 0 18 5
P 12.5701430275 14.8226673449 0 18 5
P 2.8074034913 1.3165095008 0 52 2
P 19.8820173721 16.2283778974 0 52 2
P 6.3037381351 5.4730933856 0 78 5
P 16.3856827283 12.0717940126 0 78 5
P 0.0000000000 0.7687577832 0 77 4
P 22.6894208634 16.7761296149 0 77 4
P 5.2098740662 8.3474686967 0 69 3
P 17.4795467972 9.1974187015 0 69 3
P 20.1394207795 4.0631084089 0 75 4
P 2.5500000839 13.4817789893 0 75 4
P 16.8786865477 6.3250997282 0 10 4
P 5.8107343157 11.2197876699 0 10 4
P 14.8471428151 0.0000000000 0 45 4
P 7.8422780483 17.5448873982 0 45 4
P 7.1163325343 15.0699174400 0 22 3
P 15.5730883291 2.4749699582 0 22 3
