P 11.2732337300 10.8689030143 0 134 4
P 2.9796597264 17.0286520724 1 100 5
P 19.5668077336 4.7091539561 2 100 5
P 8.0735382662 5.5645605240 0 78 4
P 14.4729291939 16.1732455046 0 78 4
P 7.1832714301 12.6301734246 0 44 2
P 15.3631960300 9.1076326040 0 44 2
P 2.0700818906 3.5960343311 0 45 3
P 20.4763855694 18.1417716975 0 45 3
P 2.2016578550 0.7267662812 0 44 1
P 20.3448096050 21.0110397474 0 44 1
P 17.8208911763 8.9985211571 0 73 1
P 4.7255762837 12.7392848715 0 73 1
P 0.7628842484 6.6438443282 0 13 1
P 21.7835832116 15.0939617004 0 13 1
P 12.6356342904 0.7577370446 0 30 5
P 9.9108331697 20.9800689840 0 30 5
P 14.9233381818 13.1865314344 0 18 4
P 7.6231292782 8.5512745942 0 18 4
P 18.3179934669 21.7378060286 0 53 1
P 4.2284739931 0.0000000000 0 53 1
P 0.0000000000 21.1741793999 0 38 5
P 22.5464674600 0.5636266286 0 38 5
