P 11.1808668334 11.7702503688 0 38 0
P 6.0284349723 21.6871163797 1 100 5
P 16.3332986945 1.8533843578 2 100 5
P 0.0000000000 8.9074414526 0 55 5
P 22.3617336668 14.6330592849 0 55 5
P 10.9432195998 7.6869377120 0 25 2
P 11.4185140670 15.8535630255 0 25 2
P 20.4752565494 12.3049600405 0 40 3
P 1.8864771174 11.2355406970 0 40 3
P 6.1961643538 1.5334253654 0 27 3
P 16.1655693129 22.0070753722 0 27 3
P 4.7646448597 0.7555855777 0 56 3
P 17.5970888071 22.7849151598 0 56 3
P 3.1832933478 5.5126979675 0 59 5
P 19.1784403190 18.0278027700 0 59 5
P 19.1241992019 14.4554511823 0 13 5
P 3.2375344649 9.0850495552 0 13 5
P 17.2811568721 11.2398509957 0 77 3
P 5.0805767947 12.3006497418 0 77 3
P 18.5671548036 1.0910566119 0 59 4
P 3.7945788632 22.4494441256 0 59 4
P 13.0363827483 23.5405007375 0 18 5
P 9.3253509185 0.0000000000 0 18 5
