P 11.9979477748 11.8907022178 0 48 0
P 2.0222357521 3.2992066868 1 100 5
P 21.9736597976 20.4821977487 2 100 5
P 7.3879481514 0.1038773284 0 30 1
P 16.6079473983 23.6775271071 0 30 1
P 18.7601545727 0.0000000000 0 59 2
P 5.2357409770 23.7814044355 0 59 2
P 7.1526000123 19.8508373629 0 61 3
P 16.8432955373 3.9305670727 0 61 3
P 2.0480013089 12.8310201861 0 31 5
P 21.9478942407 10.9503842494 0 31 5
P 11.2835296408 8.3320277670 0 42 4
P 12.7123659089 15.4493766685 0 42 4
P 6.7526124300 8.4057719747 0 55 1
P 17.2432831196 15.3756324609 0 55 1
P 23.9958955497 21.5280052039 0 70 2
P 0.0000000000 2.2533992316 0 70 2
P 2.9739007330 18.0350554297 0 4 5
P 21.0219948166 5.7463490058 0 4 5
P 0.5123750682 6.6640465812 0 8 2
P 23.4835204815 17.1173578543 0 8 2
P 6.0786985634 4.4187712690 0 1 2
P 17.9171969862 19.3626331665 0 1 2
