P 11.9375477582 11.3688964021 0 83 5
P 11.9728911426 4.1591553186 1 100 5
P 11.9022043738 18.5786374857 2 100 5
P 6.5791398131 5.8648777669 0 21 2
P 17.2959557033 16.8729150374 0 21 2
P 17.2183682812 3.6171691435 0 20 1
P 6.6567272351 19.1206236608 0 20 1
P 0.0000000000 5.1382173100 0 56 2
P 23.8750955164 17.5995754942 0 56 2
P 12.7030616723 2.8306929892 0 28 2
P 11.1720338441 19.9070998150 0 28 2
P 0.8617733609 17.9797681505 0 41 5
P 23.0133221555 4.7580246538 0 41 5
P 14.4832312234 15.6636545247 0 19 5
P 9.3918642930 7.0741382796 0 19 5
P 17.4057998068 20.8556428612 0 24 2
P 6.4692957096 1.8821499431 0 24 2
P 10.0033383006 1.3718398071 0 42 4
P 13.8717572158 21.3659529972 0 42 4
P 8.4364725279 0.5896860774 0 55 3
P 15.4386229885 22.1481067269 0 55 3
P 5.4066101748 22.7377928042 0 28 4
P 18.4684853416 0.0000000000 0 28 4
