P 10.7976089152 11.5135259514 0 132 4
P 4.1337385607 13.8874377114 1 100 5
P 17.4614792696 9.1396141914 2 100 5
P 4.2254401577 21.3745894420 0 14 5
P 17.3697776726 1.6524624609 0 14 5
P 6.4108819246 14.8080673883 0 82 3
P 15.1843359057 8.2189845146 0 82 3
P 13.6454444666 9.2126023179 0 90 1
P 7.9497733637 13.8144495850 0 90 1
P 17.0459859823 17.8823266262 0 66 1
P 4.5492318480 5.1447252767 0 66 1
P 5.9424984148 16.3109757306 0 43 2
P 15.6527194156 6.7160761723 0 43 2
P 21.5952178303 3.2807502613 0 81 3
P 0.0000000000 19.7463016416 0 81 3
P 21.5445812221 19.7535766530 0 52 5
P 0.0506366082 3.2734752499 0 52 5
P 13.4064602803 23.0270519029 0 57 5
P 8.1887575501 0.0000000000 0 57 5
P 13.4547136787 14.9041653829 0 73 4
P 8.1405041516 8.1228865199 0 73 4
P 6.9856981146 11.9551777113 0 17 1
P 14.6095197157 11.0718741916 0 17 1
