P 11.0812452543 11.4410113578 0 49 3
P 15.1570512462 20.0458505433 1 100 5
P 7.0054392624 2.8361721723 2 100 5
P 0.0000000000 8.6970463063 0 13 5
P 22.1624905086 14.1849764093 0 13 5
P 6.6711998538 15.2400920686 0 30 4
P 15.4912906548 7.6419306470 0 30 4
P 7.2129305709 19.4691319407 0 88 1
P 14.9495599377 3.4128907749 0 88 1
P 11.7352015915 0.0000000000 0 8 5
P 10.4272889171 22.8820227156 0 8 5
P 21.3522023956 19.2006370068 0 69 3
P 0.8102881130 3.6813857088 0 69 3
P 13.7240584706 6.8346262345 0 45 1
P 8.4384320380 16.0473964811 0 45 1
P 18.4036725547 8.7858430598 0 48 2
P 3.7588179539 14.0961796558 0 48 2
P 17.6821119048 11.2951114528 0 33 3
P 4.4803786038 11.5869112628 0 33 3
P 2.7344260489 21.5479279484 0 21 5
P 19.4280644597 1.3340947671 0 21 5
P 17.2162824279 14.2114373735 0 25 1
P 4.9462080807 8.6705853421 0 25 1
