P 11.4862578658 11.9811919480 0 6 2
P 14.5670371347 1.3236829570 1 100 5
P 8.4054785969 22.6387009391 2 100 5
P 12.0666440483 13.6850583133 0 60 5
P 10.9058716832 10.2773255828 0 60 5
P 17.0252336864 21.2694067607 0 79 5
P 5.9472820451 2.6929771354 0 79 5
P 7.1117597367 1.2363172850 0 79 2
P 15.8607559949 22.7260666111 0 79 2
P 20.9853473590 12.8628171258 0 52 3
P 1.9871683726 11.0995667703 0 52 3
P 22.9725157316 14.9515770036 0 67 3
P 0.0000000000 9.0108068925 0 67 3
P 4.5500654674 14.0182194961 0 2 5
P 18.4224502642 9.9441644000 0 2 5
P 3.5636387558 23.9623838961 0 72 2
P 19.4088769757 0.0000000000 0 72 2
P 20.7556646153 21.7749398266 0 43 4
P 2.2168511163 2.1874440695 0 43 4
P 22.5351310813 2.6927593400 0 65 1
P 0.4373846503 21.2696245561 0 65 1
P 3.4598046669 5.8633675826 0 82 5
P 19.5127110647 18.0990163135 0 82 5
