P 11.7218588254 11.3947018121 0 108 3
P 3.1723863348 15.1614554334 1 100 5
P 20.2713313160 7.6279481908 2 100 5
P 16.4444639648 3.6631791087 0 33 1
P 6.9992536861 19.1262245156 0 33 1
P 18.0024287263 18.8628725609 0 90 3
P 5.4412889245 3.9265310634 0 90 3
P 4.7219787933 8.5232979583 0 64 2
P 18.7217388576 14.2661056659 0 64 2
P 6.0910113668 12.8640574575 0 52 3
P 17.3527062840 9.9253461668 0 52 3
P 2.8689365624 0.0000000000 0 69 1
P 20.5747810884 22.7894036243 0 69 1
P 16.0183587074 15.4051559378 0 34 5
P 7.4253589434 7.3842476864 0 34 5
P 0.4997437971 16.2501690575 0 57 3
P 22.9439738537 6.5392345668 0 57 3
P 20.8458033785 3.3846173637 0 46 5
P 2.5979142723 19.4047862605 0 46 5
P 1.4765509672 14.5442468405 0 29 3
P 21.9671666836 8.2451567837 0 29 3
P 0.0000000000 2.0857127542 0 4 4
P 23.4437176508 20.7036908701 0 4 4
