P 11.8260492458 11.6567561141 0 140 1
P 22.8817695374 21.2024056712 1 100 5
P 0.7703289542 2.1111065569 2 100 5
P 6.1873005583 10.6225103934 0 56 4
P 17.4647979333 12.6910018347 0 56 4
P 3.0864461787 21.4126096989 0 60 2
P 20.5656523130 1.9009025292 0 60 2
P 23.4012875852 10.7449799677 0 80 4
P 0.2508109064 12.5685322604 0 80 4
P 7.1623964567 15.8955586515 0 48 3
P 16.4897020350 7.4179535766 0 48 3
P 10.5946087589 16.6709380265 0 37 4
P 13.0574897328 6.6425742016 0 37 4
P 3.6156849878 23.3135122281 0 78 2
P 20.0364135038 0.0000000000 0 78 2
P 19.8833267260 15.9857892469 0 48 5
P 3.7687717656 7.3277229813 0 48 5
P 0.0000000000 18.7499492144 0 69 3
P 23.6520984916 4.5635630137 0 69 3
P 5.8849966255 1.2258151515 0 89 4
P 17.7671018661 22.0876970767 0 89 4
P 23.1509618681 23.1660418395 0 26 1
P 0.5011366236 0.1474703886 0 26 1
