P 11.5270425303 9.7102259797 0 50 5
P 15.0462248731 9.1933222083 1 100 5
P 8.0078601874 10.2271297510 2 100 5
P 15.4303926190 0.9311070894 0 55 1
P 7.6236924416 18.4893448700 0 55 1
P 18.8605829826 19.3222330750 0 90 3
P 4.1935020779 0.0982188844 0 90 3
P 1.3729895807 1.4080883085 0 85 5
P 21.6810954798 18.0123636508 0 85 5
P 16.7860903781 0.0000000000 0 90 5
P 6.2679946824 19.4204519593 0 90 5
P 0.0000000000 19.0106484420 0 22 4
P 23.0540850605 0.4098035174 0 22 4
P 6.3896611698 17.0501121027 0 28 1
P 16.6644238907 2.3703398567 0 28 1
P 3.2653867469 4.7319608241 0 18 1
P 19.7886983137 14.6884911352 0 18 1
P 9.7696584956 16.4958205002 0 63 5
P 13.2844265649 2.9246314591 0 63 5
P 15.9246441461 14.5847780698 0 57 2
P 7.1294409144 4.8356738895 0 57 2
P 20.0994569604 7.1081051375 0 73 4
P 2.9546281001 12.3123468218 0 73 4
