P 10.1168555385 11.9220679812 0 2 2
P 15.8747913800 16.3244756573 1 100 5
P 4.3589196970 7.5196603050 2 100 5
P 18.6286930380 20.6526751875 0 64 4
P 1.6050180391 3.1914607748 0 64 4
P 10.0874671163 8.6986964795 0 83 2
P 10.1462439607 15.1454394828 0 83 2
P 13.1129899906 11.1625239268 0 36 3
P 7.1207210865 12.6816120356 0 36 3
P 0.0000000000 20.2534999569 0 20 4
P 20.2337110770 3.5906360054 0 20 4
P 11.4447384716 0.9352083322 0 9 4
P 8.7889726054 22.9089276301 0 9 4
P 10.9264765470 19.0112610138 0 26 4
P 9.3072345300 4.8328749485 0 26 4
P 0.6075548085 22.9257240030 0 64 5
P 19.6261562685 0.9184119594 0 64 5
P 17.8511187555 21.9279508432 0 85 1
P 2.3825923216 1.9161851192 0 85 1
P 4.8993668877 0.0000000000 0 83 4
P 15.3343441893 23.8441359624 0 83 4
P 9.4352435029 20.4682982063 0 13 1
P 10.7984675741 3.3758377560 0 13 1
