P 10.3106374286 11.8341106250 0 126 0
P 6.1961352631 17.5545780293 1 100 5
P 14.4251395941 6.1136432207 2 100 5
P 0.5703077319 20.3223619295 0 12 1
P 20.0509671252 3.3458593205 0 12 1
P 20.6212748571 19.1740349807 0 16 5
P 0.0000000000 4.4941862693 0 16 5
P 20.4040751925 0.0000000000 0 13 5
P 0.2171996647 23.6682212500 0 13 5
P 13.2497173833 18.9429235472 0 7 2
P 7.3715574738 4.7252977028 0 7 2
P 18.3032121483 17.5832198083 0 35 4
P 2.3180627089 6.0850014417 0 35 4
P 16.4907126243 15.5784036627 0 74 1
P 4.1305622329 8.0898175873 0 74 1
P 14.5353074179 16.5303117188 0 2 2
P 6.0859674393 7.1379095312 0 2 2
P 11.4950898157 21.1512099901 0 63 5
P 9.1261850414 2.5170112599 0 63 5
P 14.9676611381 11.2853263632 0 44 5
P 5.6536137190 12.3828948868 0 44 5
P 9.9277425529 1.0223743362 0 61 4
P 10.6935323042 22.6458469139 0 61 4
