P 10.9558021608 11.6629480159 0 146 2
P 13.3018749381 21.2463651771 1 100 5
P 8.6097293834 2.0795308547 2 100 5
P 9.7109660514 15.8723782189 0 38 4
P 12.2006382701 7.4535178130 0 38 4
P 16.7387255508 18.8301131440 0 72 1
P 5.1728787707 4.4957828878 0 72 1
P 6.2733527749 10.6722888959 0 44 4
P 15.6382515466 12.6536071359 0 44 4
P 13.3158161553 12.2948963141 0 7 2
P 8.5957881662 11.0309997178 0 7 2
P 6.8268100875 14.8268539602 0 53 3
P 15.0847942341 8.4990420716 0 53 3
P 0.0000000000 15.7151493950 0 38 2
P 21.9116043215 7.6107466368 0 38 2
P 4.7645505465 0.0000000000 0 4 2
P 17.1470537750 23.3258960318 0 4 2
P 15.5022843478 6.0045521474 0 82 5
P 6.4093199737 17.3213438845 0 82 5
P 0.4645714091 19.8468887265 0 83 4
P 21.4470329124 3.4790073053 0 83 4
P 16.1972044148 17.5793961853 0 4 3
P 5.7143999067 5.7464998466 0 4 3
