P 10.1638600333 11.4229275693 0 114 4
P 9.3553499064 8.8479409594 1 100 5
P 10.9723701603 13.9979141792 2 100 5
P 4.0666164812 2.6705102933 0 81 4
P 16.2611035855 20.1753448454 0 81 4
P 9.3838988139 12.9509595320 0 33 1
P 10.9438212528 9.8948956066 0 33 1
P 10.5078652923 18.9487158670 0 22 4
P 9.8198547744 3.8971392717 0 22 4
P 15.2090511654 21.3641472447 0 59 1
P 5.1186689013 1.4817078940 0 59 1
P 18.8556099436 2.8618573411 0 86 4
P 1.4721101231 19.9839977976 0 86 4
P 7.8851540870 22.8458551387 0 3 1
P 12.4425659796 0.0000000000 0 3 1
P 7.6411485149 1.1437482280 0 55 5
P 12.6865715518 21.7021069106 0 55 5
P 15.2148783986 12.9682883569 0 67 2
P 5.1128416681 9.8775667818 0 67 2
P 8.5326687696 5.7332792495 0 51 5
P 11.7950512971 17.1125758892 0 51 5
P 0.0000000000 3.7047272975 0 25 3
P 20.3277200667 19.1411278411 0 25 3
