P 11.9401999712 10.5689011433 0 107 4
P 18.0140914628 5.1522206204 1 100 5
P 5.8663084795 15.9855816662 2 100 5
P 0.0000000000 13.9203541604 0 32 2
P 23.8803999423 7.2174481262 0 32 2
P 8.3448611872 9.1048837868 0 8 5
P 15.5355387551 12.0329184998 0 8 5
P 9.0122746420 1.6307085611 0 23 1
P 14.8681253003 19.5070937255 0 23 1
P 4.4719650394 17.6216136411 0 87 1
P 19.4084349030 3.5161886455 0 87 1
P 15.9111975729 4.6327300876 0 13 4
P 7.9692023694 16.5050721990 0 13 4
P 3.8377582151 21.1378022866 0 46 4
P 20.0426417273 0.0000000000 0 46 4
P 13.1742105843 1.9440307738 0 76 1
P 10.7061893580 19.1937715128 0 76 1
P 2.4288720947 17.6291148186 0 19 4
P 21.4515278477 3.5086874680 0 19 4
P 10.3518666524 13.6906251487 0 37 1
P 13.5285332899 7.4471771379 0 37 1
P 1.5979066089 19.7264935839 0 67 5
P 22.2824933335 1.4113087027 0 67 5
