P 11.5411614774 11.6731482221 0 144 5
P 13.4302988264 11.0255786046 1 100 5
P 9.6520241283 12.3207178397 2 100 5
P 7.0307480279 2.3563184190 0 77 2
P 16.0515749268 20.9899780252 0 77 2
P 3.5330957042 6.3802096240 0 60 5
P 19.5492272505 16.9660868202 0 60 5
P 12.4752094915 20.2885366698 0 43 3
P 10.6071134632 3.0577597744 0 43 3
P 3.7975385803 23.3462964442 0 88 5
P 19.2847843744 0.0000000000 0 88 5
P 16.5397710542 18.1648217748 0 7 1
P 6.5425519005 5.1814746695 0 7 1
P 12.2955928726 2.6817023916 0 61 2
P 10.7867300821 20.6645940527 0 61 2
P 23.0823229547 7.0057194415 0 22 4
P 0.0000000000 16.3405770028 0 22 4
P 9.5569028936 22.8260221364 0 70 5
P 13.5254200611 0.5202743078 0 70 5
P 5.4010967824 13.2355610864 0 14 1
P 17.6812261723 10.1107353578 0 14 1
P 9.7189627894 9.2970239973 0 20 2
P 13.3633601653 14.0492724469 0 20 2
