P 11.8103498629 10.2715072624 0 32 5
P 12.9586881497 16.7140268873 1 100 5
P 10.6620115762 3.8289876375 2 100 5
P 10.9660190581 7.8245498761 0 60 5
P 12.6546806677 12.7184646487 0 60 5
P 14.3177969411 20.5430145248 0 82 3
P 9.3029027848 0.0000000000 0 82 3
P 12.2940638793 6.1983685373 0 43 3
P 11.3266358466 14.3446459874 0 43 3
P 8.1755289399 18.1990161735 0 8 2
P 15.4451707860 2.3439983513 0 8 2
P 23.0469302456 3.4872595684 0 37 4
P 0.5737694803 17.0557549563 0 37 4
P 17.1384256227 5.7723126438 0 23 3
P 6.4822741032 14.7707018809 0 23 3
P 16.0399549492 12.5288145116 0 55 5
P 7.5807447767 8.0142000131 0 55 5
P 23.6206997259 12.9368484304 0 15 4
P 0.0000000000 7.6061660944 0 15 4
P 12.7471982822 18.6894382214 0 48 5
P 10.8735014437 1.8535763034 0 48 5
P 4.1551420969 6.8965419451 0 67 2
P 19.4655576290 13.6464725796 0 67 2
