P 11.8145762532 11.6168171613 0 59 3
P 15.9430537000 0.0000000000 1 100 5
P 7.6860988064 23.2336343225 2 100 5
P 12.0701286402 22.4309677288 0 26 1
P 11.5590238662 0.8026665937 0 26 1
P 5.8410931555 12.3385207003 0 17 5
P 17.7880593509 10.8951136223 0 17 5
P 7.9842748642 16.5573243129 0 8 2
P 15.6448776422 6.6763100096 0 8 2
P 15.0683489512 4.2895149683 0 33 5
P 8.5608035552 18.9441193542 0 33 5
P 23.6291525064 8.3958694490 0 5 4
P 0.0000000000 14.8377648736 0 5 4
P 16.5116944502 12.0364899952 0 74 1
P 7.1174580562 11.1971443273 0 74 1
P 19.0606015562 1.1031776709 0 56 4
P 4.5685509502 22.1304566516 0 56 4
P 0.1150873192 1.7247633495 0 41 5
P 23.5140651872 21.5088709730 0 41 5
P 20.9268870041 2.5649981026 0 77 2
P 2.7022655023 20.6686362199 0 77 2
P 7.4354550016 12.7230780035 0 73 1
P 16.1936975048 10.5105563190 0 73 1
