P 9.9305568775 11.5103603189 0 141 5
P 8.0659633503 21.4315937261 1 100 5
P 11.7951504047 1.5891269118 2 100 5
P 15.1761111352 1.8938235985 0 50 4
P 4.6850026197 21.1268970394 0 50 4
P 0.2249129155 16.7874773931 0 54 2
P 19.6362008395 6.2332432448 0 54 2
P 14.9063839721 0.0000000000 0 4 4
P 4.9547297829 23.0207206379 0 4 4
P 0.0000000000 9.7105549470 0 73 2
P 19.8611137550 13.3101656909 0 73 2
P 12.6777114666 10.5523257789 0 40 3
P 7.1834022883 12.4683948590 0 40 3
P 18.4346207094 20.4368415160 0 9 1
P 1.4264930456 2.5838791219 0 9 1
P 3.2053315058 1.5969414048 0 87 3
P 16.6557822491 21.4237792331 0 87 3
P 2.4006012429 3.6315440515 0 44 3
P 17.4605125121 19.3891765864 0 44 3
P 19.3288576842 9.7690389835 0 60 2
P 0.5322560708 13.2516816544 0 60 2
P 8.6788752231 4.7495948955 0 45 3
P 11.1822385318 18.2711257424 0 45 3
