P 11.6977322659 10.2756927937 0 98 4
P 11.8819078411 19.3820370936 1 100 5
P 11.5135566907 1.1693484938 2 100 5
P 6.8415025020 10.1974977004 0 9 4
P 16.5539620298 10.3538878869 0 9 4
P 0.0000000000 4.3576188369 0 59 4
P 23.3954645318 16.1937667505 0 59 4
P 0.0935212635 17.8929435806 0 2 3
P 23.3019432683 2.6584420068 0 2 3
P 17.5328380324 0.0670805611 0 89 4
P 5.8626264994 20.4843050262 0 89 4
P 1.0449100440 2.3409295466 0 33 1
P 22.3505544878 18.2104560408 0 33 1
P 15.8613179512 16.7772678550 0 65 3
P 7.5341465806 3.7741177323 0 65 3
P 4.9429417536 0.0000000000 0 2 3
P 18.4525227782 20.5513855873 0 2 3
P 4.6934835299 5.3627481560 0 19 2
P 18.7019810019 15.1886374313 0 19 2
P 18.7065925350 11.7958832848 0 7 4
P 4.6888719968 8.7555023026 0 7 4
P 19.2998488114 2.1315039965 0 42 3
P 4.0956157204 18.4198815908 0 42 3
