P 11.4292150137 10.7077471906 0 28 0
P 15.6642996518 6.8028505178 1 100 5
P 7.1941303756 14.6126438634 2 100 5
P 22.8584300274 20.5187959878 0 83 4
P 0.0000000000 0.8966983933 0 83 4
P 1.6480149783 11.7740159052 0 56 5
P 21.2104150491 9.6414784759 0 56 5
P 14.9096006895 20.6136593505 0 51 5
P 7.9488293379 0.8018350307 0 51 5
P 17.4254506088 15.3712469150 0 5 1
P 5.4329794186 6.0442474662 0 5 1
P 11.6381344253 17.4629164978 0 84 2
P 11.2202956021 3.9525778834 0 84 2
P 18.6262078260 2.5422156987 0 19 4
P 4.2322222014 18.8732786825 0 19 4
P 21.7180506763 2.5314243671 0 33 3
P 1.1403793512 18.8840700141 0 33 3
P 1.0639409875 15.5332291161 0 33 4
P 21.7944890399 5.8822652650 0 33 4
P 6.9224561746 12.2364441064 0 61 4
P 15.9359738528 9.1790502747 0 61 4
P 5.6214116428 0.0000000000 0 60 3
P 17.2370183846 21.4154943812 0 60 3
