P 9.4661026362 11.9733697325 0 31 2
P 1.3389375402 13.6595747795 1 100 5
P 17.5932677321 10.2871646855 2 100 5
P 4.9083718122 9.8569509321 0 19 1
P 14.0238334602 14.0897885329 0 19 1
P 1.2795386469 11.3861630277 0 50 1
P 17.6526666254 12.5605764373 0 50 1
P 17.4424222081 7.4771684369 0 17 4
P 1.4897830642 16.4695710281 0 17 4
P 5.3576272043 1.0391556774 0 63 3
P 13.5745780680 22.9075837875 0 63 3
P 12.4343679084 15.7371833062 0 70 5
P 6.4978373640 8.2095561587 0 70 5
P 16.7566895004 15.6481366268 0 40 1
P 2.1755157719 8.2986028382 0 40 1
P 1.2447866617 3.2887192496 0 24 3
P 17.6874186106 20.6580202154 0 24 3
P 10.6650333529 23.9467394650 0 28 2
P 8.2671719195 0.0000000000 0 28 2
P 8.8522656527 13.9356736531 0 79 5
P 10.0799396197 10.0110658119 0 79 5
P 18.9322052723 3.2353613280 0 49 2
P 0.0000000000 20.7113781370 0 49 2
