P 11.9990756884 10.3920268819 0 5 4
P 15.7531267813 8.2742956766 1 100 5
P 8.2450245955 12.5097580871 2 100 5
P 20.0693082717 6.6385156841 0 6 5
P 3.9288431052 14.1455380796 0 6 5
P 17.2822817458 12.8358423732 0 57 4
P 6.7158696310 7.9482113905 0 57 4
P 7.8759229630 8.9390268330 0 61 3
P 16.1222284139 11.8450269307 0 61 3
P 17.2420836022 19.1941576950 0 71 1
P 6.7560677746 1.5898960687 0 71 1
P 14.9344879794 6.4425523088 0 23 4
P 9.0636633975 14.3415014550 0 23 4
P 16.6273970123 5.1725945236 0 38 1
P 7.3707543646 15.6114592401 0 38 1
P 5.1500689523 20.7840537637 0 3 5
P 18.8480824245 0.0000000000 0 3 5
P 23.9981513768 5.8859580634 0 85 2
P 0.0000000000 14.8980957004 0 85 2
P 11.1352522760 13.6878187199 0 90 5
P 12.8628991008 7.0962350439 0 90 5
P 23.3453929533 11.8624656032 0 58 5
P 0.6527584235 8.9215881605 0 58 5
