P 11.9217541404 11.5006476825 0 50 5
P 23.6725020556 17.6441720806 1 100 5
P 0.1710062251 5.3571232843 2 100 5
P 13.7887686965 17.0313680214 0 8 3
P 10.0547395842 5.9699273435 0 8 3
P 2.9491691231 2.4935478095 0 50 2
P 20.8943391577 20.5077475554 0 50 2
P 23.8435082807 7.9264917113 0 67 5
P 0.0000000000 15.0748036537 0 67 5
P 5.4438877951 11.3039031864 0 44 5
P 18.3996204857 11.6973921786 0 44 5
P 21.0169421719 15.1096153404 0 41 3
P 2.8265661089 7.8916800245 0 41 3
P 20.2481527274 0.2235747391 0 18 4
P 3.5953555534 22.7777206259 0 18 4
P 6.5280819864 15.2822643739 0 52 3
P 17.3154262944 7.7190309911 0 52 3
P 9.2340911595 23.0012953649 0 2 4
P 14.6094171212 0.0000000000 0 2 4
P 2.4153019499 20.8316792011 0 70 5
P 21.4282063308 2.1696161638 0 70 5
P 5.6786296767 22.5217222825 0 84 5
P 18.1648786041 0.4795730824 0 84 5
