P 11.7477130404 9.1015670733 0 107 3
P 13.3990065555 2.1944857287 1 100 5
P 10.0964195254 16.0086484179 2 100 5
P 3.3437930138 0.0000000000 0 1 5
P 20.1516330671 18.2031341466 0 1 5
P 0.5857941362 12.5697637520 0 82 3
P 22.9096319447 5.6333703946 0 82 3
P 6.7022125827 0.3304820025 0 17 3
P 16.7932134982 17.8726521441 0 17 3
P 8.6338170174 12.1812819411 0 42 1
P 14.8616090635 6.0218522055 0 42 1
P 14.2058561324 13.8369866898 0 52 4
P 9.2895699485 4.3661474569 0 52 4
P 3.7882310244 9.5378269896 0 80 2
P 19.7071950565 8.6653071571 0 80 2
P 23.4954260809 8.3681221755 0 44 1
P 0.0000000000 9.8350119711 0 44 1
P 5.2983943062 16.7791922953 0 28 2
P 18.1970317746 1.4239418513 0 28 2
P 22.3237712003 16.3747307995 0 39 1
P 1.1716548806 1.8284033471 0 39 1
P 10.4890734341 10.6119034973 0 60 4
P 13.0063526467 7.5912306493 0 60 4
