P 11.8883427344 11.2309361767 0 120 3
P 18.4747907680 2.9405583269 1 100 5
P 5.3018947008 19.5213140266 2 100 5
P 8.9272816856 20.5618703089 0 77 4
P 14.8494037831 1.9000020446 0 77 4
P 20.4800584859 3.9548708703 0 18 1
P 3.2966269829 18.5070014831 0 18 1
P 15.2426462468 6.5839902864 0 4 2
P 8.5340392220 15.8778820671 0 4 2
P 23.7766854687 4.4281155488 0 26 5
P 0.0000000000 18.0337568047 0 26 5
P 14.9891563053 22.4618723534 0 84 3
P 8.7875291634 0.0000000000 0 84 3
P 7.1600717079 2.7818304835 0 4 4
P 16.6166137609 19.6800418700 0 4 4
P 20.8765530609 2.4238559168 0 71 1
P 2.9001324079 20.0380164366 0 71 1
P 17.6909497835 8.4548785167 0 42 2
P 6.0857356852 14.0069938367 0 42 2
P 6.4432191953 7.4079094079 0 1 5
P 17.3334662734 15.0539629455 0 1 5
P 12.7892506592 1.2378250776 0 55 5
P 10.9874348096 21.2240472758 0 55 5
