P 11.5291657557 11.9565805010 0 122 3
P 17.5523147702 10.8870610608 1 100 5
P 5.5060167413 13.0260999412 2 100 5
P 12.4161939418 4.3721705919 0 37 5
P 10.6421375697 19.5409904102 0 37 5
P 6.8954390096 8.4382828066 0 77 4
P 16.1628925019 15.4748781954 0 77 4
P 14.6692883739 6.9048731881 0 77 3
P 8.3890431376 17.0082878140 0 77 3
P 15.8557418174 13.8538644118 0 48 1
P 7.2025896940 10.0592965903 0 48 1
P 21.3987752224 22.3460112840 0 35 4
P 1.6595562890 1.5671497181 0 35 4
P 11.9071931149 8.5214560519 0 55 2
P 11.1511383965 15.3917049502 0 55 2
P 10.3779974926 0.0000000000 0 83 5
P 12.6803340189 23.9131610021 0 83 5
P 23.0583315115 5.0816567303 0 30 2
P 0.0000000000 18.8315042718 0 30 2
P 9.0698320871 0.6554766300 0 73 1
P 13.9884994244 23.2576843720 0 73 1
P 8.7097641903 10.4948311869 0 2 5
P 14.3485673211 13.4183298151 0 2 5
