P 11.9939182475 11.7918252311 0 62 1
P 6.9605664755 5.9034368237 1 100 5
P 17.0272700195 17.6802136384 2 100 5
P 21.3448199953 2.6693068196 0 66 4
P 2.6430164998 20.9143436425 0 66 4
P 15.5042375994 1.4162328473 0 85 3
P 8.4835988956 22.1674176148 0 85 3
P 21.7331991781 0.8864013818 0 62 1
P 2.2546373169 22.6972490804 0 62 1
P 0.0000000000 23.5836504621 0 82 5
P 23.9878364950 0.0000000000 0 82 5
P 22.9027420091 12.9092405089 0 50 5
P 1.0850944859 10.6744099533 0 50 5
P 20.1289535259 5.0018108659 0 69 3
P 3.8588829692 18.5818395962 0 69 3
P 9.4344685569 23.4971341898 0 41 5
P 14.5533679382 0.0865162723 0 41 5
P 14.9045677701 22.2290433898 0 46 5
P 9.0832687249 1.3546070724 0 46 5
P 0.0555440113 7.1912560534 0 87 5
P 23.9322924837 16.3923944088 0 87 5
P 8.4879252205 9.8158658379 0 17 1
P 15.4999112745 13.7677846243 0 17 1
