P 10.8256448949 11.6060860230 0 82 5
P 10.2354621451 3.7352514955 1 100 5
P 11.4158276447 19.4769205504 2 100 5
P 21.6512897898 18.3652859080 0 76 2
P 0.0000000000 4.8468861379 0 76 2
P 21.6133859854 21.1499586390 0 89 3
P 0.0379038043 2.0622134069 0 89 3
P 20.7598296054 9.6395405464 0 69 2
P 0.8914601844 13.5726314995 0 69 2
P 6.4084562242 2.1918113652 0 1 5
P 15.2428335656 21.0203606808 0 1 5
P 19.3282487445 22.5184816264 0 5 1
P 2.3230410453 0.6936904195 0 5 1
P 17.1968993885 21.3387132982 0 42 5
P 4.4543904012 1.8734587477 0 42 5
P 8.5651160332 1.2835481359 0 32 4
P 13.0861737566 21.9286239100 0 32 4
P 19.2623068929 16.3117686586 0 16 4
P 2.3889828969 6.9004033873 0 16 4
P 13.0752001354 10.4115702894 0 58 2
P 8.5760896544 12.8006017566 0 58 2
P 4.5617104119 23.2121720459 0 32 1
P 17.0895793778 0.0000000000 0 32 1
