P 11.1465144191 7.1425910420 0 57 2
P 6.5684287020 11.4653968119 1 100 5
P 15.7246001362 2.8197852722 2 100 5
P 3.6047370711 8.5792239386 0 10 2
P 18.6882917670 5.7059581455 0 10 2
P 22.2930288381 10.4504145321 0 18 4
P 0.0000000000 3.8347675520 0 18 4
P 21.0048922249 11.1754862159 0 86 2
P 1.2881366132 3.1096958682 0 86 2
P 7.0014463249 9.2182474179 0 64 4
P 15.2915825133 5.0669346662 0 64 4
P 14.0558885513 3.5529346743 0 81 2
P 8.2371402868 10.7322474098 0 81 2
P 17.6358986728 8.0848752819 0 46 4
P 4.6571301653 6.2003068022 0 46 4
P 21.1714755991 5.4876049969 0 8 4
P 1.1215532390 8.7975770872 0 8 4
P 2.9349710284 11.7827827166 0 13 5
P 19.3580578097 2.5023993675 0 13 5
P 5.2233389789 14.2851820841 0 63 5
P 17.0696898592 0.0000000000 0 63 5
P 9.5969289511 12.3288203796 0 59 3
P 12.6960998870 1.9563617045 0 59 3
