P 9.1007110910 11.9888504595 0 126 5
P 15.7164332679 11.7854500840 1 100 5
P 2.4849889141 12.1922508349 2 100 5
P 6.3054698027 23.9777009189 0 79 5
P 11.8959523793 0.0000000000 0 79 5
P 6.5139212192 8.1157667079 0 74 2
P 11.6875009628 15.8619342110 0 74 2
P 11.3442110323 4.2240674143 0 46 3
P 6.8572111497 19.7536335046 0 46 3
P 6.2559205956 9.7822532886 0 72 2
P 11.9455015864 14.1954476303 0 72 2
P 10.9906250290 10.3426514987 0 48 3
P 7.2107971530 13.6350494202 0 48 3
P 5.6233161006 17.0022256640 0 4 3
P 12.5781060814 6.9754752549 0 4 3
P 0.0000000000 11.4505917334 0 11 4
P 18.2014221820 12.5271091855 0 11 4
P 8.5513028244 19.7469408343 0 55 5
P 9.6501193576 4.2307600846 0 55 5
P 4.4057543634 9.5573233746 0 73 3
P 13.7956678187 14.4203775443 0 73 3
P 14.7961002545 13.3197654958 0 56 2
P 3.4053219275 10.6579354232 0 56 2
