P 7.9642728995 10.5982888111 0 102 0
P 2.2969074446 19.9915137496 1 100 5
P 13.6316383545 1.2050638726 2 100 5
P 1.1237574225 8.1317162179 0 4 4
P 14.8047883766 13.0648614043 0 4 4
P 1.3939381919 0.0000000000 0 19 5
P 14.5346076072 21.1965776222 0 19 5
P 5.2401491316 0.5631049390 0 59 3
P 10.6883966675 20.6334726832 0 59 3
P 0.4689994680 19.2173877150 0 74 5
P 15.4595463311 1.9791899072 0 74 5
P 8.5513637441 7.9202052392 0 63 3
P 7.3771820550 13.2763723830 0 63 3
P 6.3500406287 11.4971843415 0 35 5
P 9.5785051703 9.6993932806 0 35 5
P 5.4490721028 14.1441696501 0 19 5
P 10.4794736963 7.0524079721 0 19 5
P 7.8610764108 19.9422412570 0 5 4
P 8.0674693883 1.2543363652 0 5 4
P 2.8416527411 14.6071197868 0 8 4
P 13.0868930580 6.5894578353 0 8 4
P 0.0000000000 12.4752776532 0 52 4
P 15.9285457991 8.7212999690 0 52 4
