P 11.6117305977 11.7454607113 0 123 0
P 17.2546642354 8.2024976240 1 100 5
P 5.9687969601 15.2884237986 2 100 5
P 8.4120187836 1.5932469524 0 26 5
P 14.8114424119 21.8976744702 0 26 5
P 18.2433425608 21.9688251605 0 35 4
P 4.9801186346 1.5220962621 0 35 4
P 2.4723649521 12.4648476487 0 42 1
P 20.7510962434 11.0260737739 0 42 1
P 18.1184562268 5.8359960643 0 56 2
P 5.1050049686 17.6549253583 0 56 2
P 12.6981395840 21.3926621663 0 5 2
P 10.5253216114 2.0982592563 0 5 2
P 20.1545057353 22.6983355203 0 72 5
P 3.0689554601 0.7925859023 0 72 5
P 23.2234611955 22.0173697798 0 35 5
P 0.0000000000 1.4735516428 0 35 5
P 19.7978335488 14.1698853067 0 48 1
P 3.4256276467 9.3210361159 0 48 1
P 2.8860014355 7.1694878150 0 42 3
P 20.3374597599 16.3214336076 0 42 3
P 13.1262930544 23.4909214226 0 81 5
P 10.0971681411 0.0000000000 0 81 5
