P 11.1395632844 11.9850131571 0 78 5
P 20.5593044965 5.0425422774 1 100 5
P 1.7198220723 18.9274840369 2 100 5
P 20.1630420108 9.2743225960 0 81 4
P 2.1160845580 14.6957037182 0 81 4
P 0.0000000000 8.8773696315 0 47 4
P 22.2791265688 15.0926566828 0 47 4
P 3.7182645405 23.9700263142 0 31 2
P 18.5608620283 0.0000000000 0 31 2
P 17.5314331360 18.5666580026 0 79 5
P 4.7476934328 5.4033683117 0 79 5
P 0.2902285831 1.7240531229 0 41 1
P 21.9888979858 22.2459731913 0 41 1
P 1.6603777267 22.8525312463 0 27 1
P 20.6187488421 1.1174950679 0 27 1
P 9.5542676456 9.1233452862 0 22 1
P 12.7248589232 14.8466810281 0 22 1
P 17.5672048524 8.1186410413 0 12 5
P 4.7119217164 15.8513852730 0 12 5
P 16.1655476541 17.9527256386 0 23 1
P 6.1135789147 6.0173006756 0 23 1
P 17.0922889230 16.6037594306 0 29 1
P 5.1868376458 7.3662668836 0 29 1
