P 11.6868190838 10.8984686019 0 88 1
P 21.5831649106 10.9017147957 1 100 5
P 1.7904732571 10.8952224082 2 100 5
P 1.8133229510 0.0000000000 0 54 2
P 21.5603152167 21.7969372039 0 54 2
P 12.4638967274 16.1710446627 0 53 5
P 10.9097414403 5.6258925412 0 53 5
P 22.8236320200 21.3004436741 0 42 1
P 0.5500061477 0.4964935298 0 42 1
P 16.0445992500 8.5273454117 0 79 2
P 7.3290389177 13.2695917921 0 79 2
P 0.0000000000 14.1666165880 0 81 1
P 23.3736381677 7.6303206159 0 81 1
P 1.6014631063 8.7984827127 0 42 4
P 21.7721750614 12.9984544911 0 42 4
P 11.7031389678 21.0352998250 0 37 1
P 11.6704991998 0.7616373788 0 37 1
P 11.4757023284 9.6149474613 0 61 3
P 11.8979358393 12.1819897425 0 61 3
P 15.8557246513 3.8897878844 0 54 3
P 7.5179135164 17.9071493195 0 54 3
P 3.0801134273 11.9553914051 0 75 1
P 20.2935247404 9.8415457987 0 75 1
