P 11.8205316401 10.9792710314 0 133 1
P 11.9448138121 19.5926261524 1 100 5
P 11.6962494681 2.3659159105 2 100 5
P 5.8244296079 7.0748118605 0 46 4
P 17.8166336724 14.8837302024 0 46 4
P 15.5852231791 12.2158870195 0 8 5
P 8.0558401011 9.7426550434 0 8 5
P 0.0000000000 13.7097918567 0 42 4
P 23.6410632802 8.2487502062 0 42 4
P 3.2469486609 6.6252045625 0 79 4
P 20.3941146193 15.3333375004 0 79 4
P 0.8887713816 0.0000000000 0 51 5
P 22.7522918986 21.9585420629 0 51 5
P 12.6916418321 0.3056505473 0 60 3
P 10.9494214481 21.6528915156 0 60 3
P 7.4928321128 13.6162608031 0 50 3
P 16.1482311674 8.3422812598 0 50 3
P 9.9549353467 17.3766519061 0 63 5
P 13.6861279335 4.5818901568 0 63 5
P 2.3134533327 14.7394015746 0 28 3
P 21.3276099476 7.2191404883 0 28 3
P 4.8172781713 4.6541818812 0 50 4
P 18.8237851089 17.3043601817 0 50 4
