P 10.7568067381 11.7108197248 0 93 0
P 8.6326537880 7.3319728520 1 100 5
P 12.8809596882 16.0896665976 2 100 5
P 0.0000000000 11.6619860584 0 27 5
P 21.5136134762 11.7596533912 0 27 5
P 0.4685848655 6.9815390701 0 40 2
P 21.0450286106 16.4401003795 0 40 2
P 15.7541146165 6.1461353442 0 2 3
P 5.7594988596 17.2755041054 0 2 3
P 3.2290114105 2.3212521236 0 31 1
P 18.2846020657 21.1003873260 0 31 1
P 16.9670661394 10.5067991924 0 28 4
P 4.5465473368 12.9148402572 0 28 4
P 0.9996561822 0.8570936885 0 57 4
P 20.5139572939 22.5645457611 0 57 4
P 13.1331003444 0.0000000000 0 15 2
P 8.3805131318 23.4216394496 0 15 2
P 10.9971533469 12.7644075923 0 63 5
P 10.5164601293 10.6572318574 0 63 5
P 19.0811139509 2.7591426944 0 38 5
P 2.4324995253 20.6624967552 0 38 5
P 8.2404453271 5.9092546468 0 89 2
P 13.2731681491 17.5123848028 0 89 2
