P 10.7482470715 10.7193959573 0 66 1
P 14.2460311084 6.2648166335 1 100 5
P 7.2504630346 15.1739752810 2 100 5
P 2.8600288457 16.5443571622 0 27 4
P 18.6364652974 4.8944347524 0 27 4
P 3.4694760532 3.1010731585 0 42 5
P 18.0270180898 18.3377187561 0 42 5
P 6.5802553438 3.2595314957 0 55 4
P 14.9162387992 18.1792604188 0 55 4
P 6.4383744106 0.0000000000 0 32 1
P 15.0581197324 21.4387919146 0 32 1
P 17.2382149628 6.4256991848 0 38 4
P 4.2582791803 15.0130927297 0 38 4
P 0.0147103742 20.3530152535 0 2 2
P 21.4817837689 1.0857766611 0 2 2
P 5.2218117962 19.9045207370 0 52 4
P 16.2746823469 1.5342711776 0 52 4
P 11.6425425464 7.6457653677 0 47 4
P 9.8539515966 13.7930265469 0 47 4
P 21.4964941430 11.3685935863 0 11 1
P 0.0000000000 10.0701983283 0 11 1
P 15.9375802390 14.0142674511 0 52 4
P 5.5589139040 7.4245244634 0 52 4
