P 11.4023733323 11.7567363716 0 121 2
P 16.4457195180 15.4222315286 1 100 5
P 6.3590271465 8.0912412145 2 100 5
P 0.0000000000 8.6427411179 0 60 1
P 22.8047466645 14.8707316252 0 60 1
P 4.7497271620 1.7200679079 0 84 4
P 18.0550195026 21.7934048352 0 84 4
P 2.0264804708 0.0000000000 0 18 5
P 20.7782661937 23.5134727431 0 18 5
P 19.1195433341 20.5128398521 0 87 2
P 3.6852033304 3.0006328910 0 87 2
P 0.9856901993 15.6189107856 0 32 5
P 21.8190564652 7.8945619575 0 32 5
P 0.7602189150 18.6387117368 0 34 2
P 22.0445277496 4.8747610063 0 34 2
P 1.0298875277 9.9307755613 0 37 5
P 21.7748591368 13.5826971818 0 37 5
P 18.4624172684 12.6626310370 0 85 5
P 4.3423293961 10.8508417061 0 85 5
P 14.2715995341 10.3857769269 0 88 1
P 8.5331471304 13.1276958162 0 88 1
P 10.2746775161 19.8944788482 0 82 1
P 12.5300691484 3.6189938950 0 82 1
