P 10.9522790569 10.8357289279 0 135 0
P 17.2891019104 12.1407438610 1 100 5
P 4.6154562033 9.5307139948 2 100 5
P 15.9356819056 17.7498285965 0 7 2
P 5.9688762082 3.9216292593 0 7 2
P 6.9824182759 17.4231338172 0 61 3
P 14.9221398378 4.2483240386 0 61 3
P 14.1857439010 0.0000000000 0 22 1
P 7.7188142127 21.6714578558 0 22 1
P 13.0684075193 20.4747185430 0 33 2
P 8.8361505944 1.1967393128 0 33 2
P 14.7956189321 16.8771065142 0 33 4
P 7.1089391816 4.7943513416 0 33 4
P 20.8422202155 12.6205174833 0 5 1
P 1.0623378982 9.0509403725 0 5 1
P 13.8055024509 18.1037256131 0 71 1
P 8.0990556628 3.5677322427 0 71 1
P 13.1343753995 3.2006030954 0 69 4
P 8.7701827142 18.4708547604 0 69 4
P 21.9045581137 17.3523851118 0 29 2
P 0.0000000000 4.3190727440 0 29 2
P 18.6332063128 6.6114442715 0 78 2
P 3.2713518009 15.0600135844 0 78 2
