P 11.5688624045 9.0225860761 0 72 2
P 6.0210103272 18.0451721521 1 100 5
P 17.1167144818 0.0000000000 2 100 5
P 3.7561005297 14.9460310670 0 60 4
P 19.3816242793 3.0991410851 0 60 4
P 20.7206686496 17.7637690873 0 45 3
P 2.4170561593 0.2814030649 0 45 3
P 1.9633398736 11.9361817594 0 6 3
P 21.1743849354 6.1089903927 0 6 3
P 0.3979305180 3.7292152623 0 80 4
P 22.7397942910 14.3159568898 0 80 4
P 12.0349362139 2.3306823682 0 1 1
P 11.1027885951 15.7144897840 0 1 1
P 17.5991363607 6.6555576244 0 55 4
P 5.5385884482 11.3896145278 0 55 4
P 3.1252789326 16.1981698983 0 29 2
P 20.0124458764 1.8470022538 0 29 2
P 15.4856292268 2.4915499550 0 79 5
P 7.6520955822 15.5536221972 0 79 5
P 0.0000000000 17.7739454889 0 45 3
P 23.1377248089 0.2712266633 0 45 3
P 14.5325606459 16.4029173965 0 59 4
P 8.6051641631 1.6422547557 0 59 4
