P 11.9514032677 10.8216173457 0 3 5
P 10.6500263599 1.9911764646 1 100 5
P 13.2527801754 19.6520582268 2 100 5
P 2.3594926011 9.8663412788 0 72 3
P 21.5433139343 11.7768934126 0 72 3
P 23.9028065353 17.1597221499 0 87 3
P 0.0000000000 4.4835125415 0 87 3
P 17.3276026963 16.4136265518 0 31 4
P 6.5752038390 5.2296081396 0 31 4
P 11.7801482621 6.2422975666 0 56 1
P 12.1226582733 15.4009371248 0 56 1
P 7.9261403195 1.6884437807 0 18 2
P 15.9766662158 19.9547909107 0 18 2
P 6.5583646850 19.6289891618 0 4 2
P 17.3444418504 2.0142455297 0 4 2
P 8.2704076135 3.0689444854 0 63 4
P 15.6323989218 18.5742902060 0 63 4
P 5.6524336253 7.8052206150 0 7 4
P 18.2503729101 13.8380140764 0 7 4
P 3.2731113300 21.6432346914 0 49 2
P 20.6296952053 0.0000000000 0 49 2
P 16.3650298083 3.6902872453 0 83 5
P 7.5377767270 17.9529474461 0 83 5
