P 11.5181156916 11.7501641660 0 104 4
P 20.8241322361 14.5979738005 1 100 5
P 2.2120991471 8.9023545314 2 100 5
P 4.6353147312 18.7801192379 0 63 2
P 18.4009166520 4.7202090941 0 63 2
P 0.0000000000 10.7804249575 0 88 5
P 23.0362313832 12.7199033744 0 88 5
P 4.3000185100 5.8253278908 0 19 2
P 18.7362128732 17.6750004411 0 19 2
P 20.4805498666 23.0677730325 0 14 4
P 2.5556815167 0.4325552995 0 14 4
P 12.5116974919 9.6899963849 0 47 5
P 10.5245338914 13.8103319471 0 47 5
P 9.8529724003 16.6076618212 0 80 4
P 13.1832589829 6.8926665107 0 80 4
P 15.7050595394 21.8012488437 0 1 3
P 7.3311718438 1.6990794883 0 1 3
P 7.6962696648 7.9003936722 0 29 1
P 15.3399617185 15.5999346597 0 29 1
P 2.6983002586 5.4260040212 0 29 3
P 20.3379311247 18.0743243108 0 29 3
P 16.2242163384 23.5003283320 0 7 3
P 6.8120150449 0.0000000000 0 7 3
