P 11.9645115360 11.3900515099 0 97 4
P 21.3987153980 4.9314677440 1 100 5
P 2.5303076741 17.8486352758 2 100 5
P 10.0937566506 12.4497262148 0 60 5
P 13.8352664215 10.3303768050 0 60 5
P 21.2943906324 13.1092300141 0 33 4
P 2.6346324396 9.6708730057 0 33 4
P 16.7334529537 16.2199910098 0 64 5
P 7.1955701184 6.5601120100 0 64 5
P 20.7207403317 0.0000000000 0 68 3
P 3.2082827404 22.7801030198 0 68 3
P 16.3170279564 6.2507424682 0 59 1
P 7.6119951157 16.5293605516 0 59 1
P 0.0000000000 9.1284354148 0 13 1
P 23.9290230721 13.6516676050 0 13 1
P 16.9926702832 21.0163526335 0 43 5
P 6.9363527889 1.7637503863 0 43 5
P 10.6504873646 17.1969733393 0 89 2
P 13.2785357075 5.5831296805 0 89 2
P 20.5850530102 16.9875797857 0 37 3
P 3.3439700619 5.7925232341 0 37 3
P 18.1719883020 15.1238156590 0 82 4
P 5.7570347701 7.6562873608 0 82 4
