P 9.1397745261 10.9477322544 0 83 4
P 12.9573295214 4.9848902621 1 100 5
P 5.3222195307 16.9105742466 2 100 5
P 5.4730642054 21.8954645087 0 86 3
P 12.8064848468 0.0000000000 0 86 3
P 11.9216087479 8.2996428871 0 76 5
P 6.3579403043 13.5958216216 0 76 5
P 11.1706941031 10.4386782360 0 39 5
P 7.1088549491 11.4567862728 0 39 5
P 16.9402181101 18.9048889628 0 60 3
P 1.3393309421 2.9905755459 0 60 3
P 18.2795490521 17.6957828559 0 51 2
P 0.0000000000 4.1996816528 0 51 2
P 8.5396172221 12.8599428147 0 35 3
P 9.7399318301 9.0355216940 0 35 3
P 14.2076696410 11.4684811623 0 1 2
P 4.0718794111 10.4269833464 0 1 2
P 10.1899964335 12.2582525556 0 51 3
P 8.0895526186 9.6372119531 0 51 3
P 16.2150513307 2.7484025484 0 84 5
P 2.0644977214 19.1470619604 0 84 5
P 12.4313908128 20.2276865897 0 34 1
P 5.8481582393 1.6677779191 0 34 1
