P 10.4178543419 11.9854390472 0 34 4
P 18.3668311063 9.4306425533 1 100 5
P 2.4688775774 14.5402355411 2 100 5
P 0.0000000000 10.0476295958 0 75 2
P 20.8357086837 13.9232484987 0 75 2
P 19.1864803970 16.1807826684 0 28 3
P 1.6492282868 7.7900954260 0 28 3
P 20.4757984003 21.0123013691 0 83 5
P 0.3599102834 2.9585767253 0 83 5
P 15.8859725035 23.2476632592 0 76 1
P 4.9497361802 0.7232148353 0 76 1
P 18.5187764142 11.9253106657 0 50 2
P 2.3169322695 12.0455674287 0 50 2
P 15.4384768305 23.9708780944 0 81 1
P 5.3972318533 0.0000000000 0 81 1
P 2.6071037327 20.7572849043 0 79 3
P 18.2286049510 3.2135931902 0 79 3
P 5.2518907475 11.1973775230 0 39 5
P 15.5838179363 12.7735005714 0 39 5
P 1.8251364277 17.4685793004 0 78 1
P 19.0105722561 6.5022987940 0 78 1
P 12.9278569058 1.3839622854 0 10 4
P 7.9078517779 22.5869158090 0 10 4
