P 10.4532941684 11.5365900544 0 63 5
P 20.9065883369 0.3541642653 1 100 5
P 0.0000000000 22.7190158436 2 100 5
P 20.8776651383 8.1718424448 0 82 1
P 0.0289231986 14.9013376641 0 82 1
P 9.8553815269 7.7983722313 0 87 5
P 11.0512068100 15.2748078775 0 87 5
P 15.7720428592 23.0731801088 0 81 4
P 5.1345454776 0.0000000000 0 81 4
P 0.6706124137 11.4440371410 0 77 3
P 20.2359759231 11.6291429678 0 77 3
P 9.9859823184 14.0578004075 0 14 1
P 10.9206060185 9.0153797013 0 14 1
P 13.7034556296 11.1017685063 0 27 2
P 7.2031327073 11.9714116026 0 27 2
P 19.9854422565 2.5474111263 0 84 1
P 0.9211460803 20.5257689825 0 84 1
P 1.5009123876 4.3171451410 0 33 4
P 19.4056759493 18.7560349678 0 33 4
P 11.8691016454 17.1771363696 0 69 1
P 9.0374866915 5.8960437392 0 69 1
P 0.3556226494 3.3673812763 0 6 2
P 20.5509656875 19.7057988326 0 6 2
