P 10.8460195916 11.3410774466 0 98 3
P 11.2769403920 22.3250761062 1 100 5
P 10.4150987912 0.3570787871 2 100 5
P 20.9092265465 9.9237894127 0 36 3
P 0.7828126367 12.7583654806 0 36 3
P 15.2574833107 22.6821548933 0 76 3
P 6.4345558725 0.0000000000 0 76 3
P 11.1191074341 20.2321888899 0 10 3
P 10.5729317491 2.4499660034 0 10 3
P 0.0000000000 2.6822395263 0 88 3
P 21.6920391832 19.9999153670 0 88 3
P 20.5767730533 0.7914118882 0 17 3
P 1.1152661299 21.8907430050 0 17 3
P 15.1859688010 10.0626040669 0 33 2
P 6.5060703822 12.6195508263 0 33 2
P 5.4724062260 15.5899000464 0 45 2
P 16.2196329572 7.0922548469 0 45 2
P 5.9599247491 6.6687152566 0 2 4
P 15.7321144341 16.0134396367 0 2 4
P 5.5147348482 12.7042667329 0 84 1
P 16.1773043350 9.9778881604 0 84 1
P 9.1003203099 22.5642315403 0 44 2
P 12.5917188733 0.1179233529 0 44 2
