P 11.7444254569 11.9088932946 0 46 0
P 1.2407436004 20.8023820579 1 100 5
P 22.2481073133 3.0154045313 2 100 5
P 3.0558810435 0.0000000000 0 76 5
P 20.4329698702 23.8177865892 0 76 5
P 2.9619036033 8.3887314649 0 87 4
P 20.5269473104 15.4290551243 0 87 4
P 12.4395414537 14.1679356984 0 21 5
P 11.0493094600 9.6498508908 0 21 5
P 6.0429542614 15.6572415753 0 51 5
P 17.4458966523 8.1605450139 0 51 5
P 7.8020098320 17.7261011385 0 49 1
P 15.6868410817 6.0916854507 0 49 1
P 23.4888509137 20.7882388927 0 25 2
P 0.0000000000 3.0295476965 0 25 2
P 7.5308354718 4.5994490593 0 61 5
P 15.9580154419 19.2183375299 0 61 5
P 4.5260879269 6.7904422613 0 41 2
P 18.9627629868 17.0273443279 0 41 2
P 15.1058125939 16.7654779930 0 51 1
P 8.3830383198 7.0523085962 0 51 1
P 6.8600525590 20.7869799755 0 81 3
P 16.6287983547 3.0308066136 0 81 3
