P 9.9210712565 9.8860899759 0 24 4
P 0.0000000000 19.6768588702 1 100 5
P 19.8421425129 0.0953210816 2 100 5
P 9.5416366093 5.5352221306 0 14 1
P 10.3005059037 14.2369578212 0 14 1
P 11.7857689093 9.4724052853 0 13 2
P 8.0563736037 10.2997746665 0 13 2
P 16.9353983146 13.3290424856 0 66 2
P 2.9067441984 6.4431374662 0 66 2
P 14.1504206276 15.9252268001 0 53 2
P 5.6917218853 3.8469531517 0 53 2
P 17.2065985246 3.1636217475 0 15 3
P 2.6355439884 16.6085582043 0 15 3
P 8.4823327812 16.9736572769 0 39 2
P 11.3598097318 2.7985226749 0 39 2
P 19.4187240691 11.6436798478 0 5 2
P 0.4234184438 8.1285001040 0 5 2
P 8.9754507062 8.9520551269 0 3 1
P 10.8666918068 10.8201248249 0 3 1
P 16.6361685622 0.0000000000 0 88 3
P 3.2059739508 19.7721799518 0 88 3
P 11.6212965900 13.6554342423 0 34 4
P 8.2208459229 6.1167457095 0 34 4
