P 11.8090582452 10.8592775496 0 75 1
P 6.8470710026 0.7001156959 1 100 5
P 16.7710454877 21.0184394033 2 100 5
P 0.1163080149 21.7185550992 0 42 3
P 23.5018084755 0.0000000000 0 42 3
P 10.2031188394 3.9065633919 0 71 2
P 13.4149976510 17.8119917073 0 71 2
P 21.3899154837 20.5636778272 0 19 1
P 2.2282010066 1.1548772720 0 19 1
P 21.7313925204 17.0652488475 0 7 4
P 1.8867239700 4.6533062517 0 7 4
P 17.8479905957 18.5439842728 0 8 3
P 5.7701258947 3.1745708264 0 8 3
P 2.4840657201 14.0368306851 0 68 4
P 21.1340507703 7.6817244141 0 68 4
P 10.4320561748 19.2325868882 0 87 2
P 13.1860603156 2.4859682110 0 87 2
P 0.0000000000 0.8191500198 0 71 4
P 23.6181164904 20.8994050794 0 71 4
P 0.6282082538 13.6495938663 0 27 1
P 22.9899082365 8.0689612329 0 27 1
P 6.2354597329 12.5303456506 0 66 5
P 17.3826567574 9.1882094486 0 66 5
