P 11.2044504914 11.6058003230 0 123 4
P 0.2254138180 15.8430468551 1 100 5
P 22.1834871649 7.3685537909 2 100 5
P 6.5194945366 18.8889845139 0 53 5
P 15.8894064463 4.3226161321 0 53 5
P 1.3282096988 0.0071501546 0 24 5
P 21.0806912841 23.2044504914 0 24 5
P 11.8746445309 1.7284088627 0 26 5
P 10.5342564520 21.4831917833 0 26 5
P 22.2605482034 12.3005037849 0 86 2
P 0.1483527795 10.9110968611 0 86 2
P 2.3346565637 4.8775416971 0 5 3
P 20.0742444191 18.3340589489 0 5 3
P 13.6492992256 22.3882334560 0 88 4
P 8.7596017573 0.8233671900 0 88 4
P 1.4290118187 17.9029087470 0 86 1
P 20.9798891642 5.3086918990 0 86 1
P 13.4132516670 12.7634620018 0 78 4
P 8.9956493159 10.4481386442 0 78 4
P 7.6452963500 0.0000000000 0 50 1
P 14.7636046329 23.2116006460 0 50 1
P 0.0000000000 14.2569658934 0 27 2
P 22.4089009829 8.9546347526 0 27 2
