P 10.9234150569 11.4128335898 0 52 2
P 0.0000000000 11.2845865652 1 100 5
P 21.8468301137 11.5410806143 2 100 5
P 17.3404647826 5.6327982571 0 36 4
P 4.5063653311 17.1928689225 0 36 4
P 2.0802913504 1.8566574016 0 51 2
P 19.7665387633 20.9690097780 0 51 2
P 17.5186745159 9.5306181952 0 66 2
P 4.3281555978 13.2950489844 0 66 2
P 10.0475129308 17.2186381338 0 74 5
P 11.7993171829 5.6070290457 0 74 5
P 20.0878250692 0.3731138708 0 90 3
P 1.7590050445 22.4525533088 0 90 3
P 4.9102833219 0.0000000000 0 29 4
P 16.9365467918 22.8256671796 0 29 4
P 15.3128432666 8.8600347493 0 53 1
P 6.5339868472 13.9656324303 0 53 1
P 15.8519482910 14.5483501174 0 12 3
P 5.9948818227 8.2773170621 0 12 3
P 20.2788962518 1.9555169539 0 52 3
P 1.5679338619 20.8701502256 0 52 3
P 21.8152509806 4.5555411189 0 23 5
P 0.0315791331 18.2701260607 0 23 5
