P 11.8537420593 11.9507730044 0 143 1
P 2.4991813761 23.9015460088 1 100 5
P 21.2083027424 0.0000000000 2 100 5
P 14.7350844921 6.6451815658 0 86 5
P 8.9723996264 17.2563644430 0 86 5
P 18.2888488184 5.2054046454 0 21 2
P 5.4186353001 18.6961413634 0 21 2
P 0.0544389189 8.3280939610 0 15 3
P 23.6530451996 15.5734520478 0 15 3
P 16.4622826951 15.4846375917 0 34 2
P 7.2452014234 8.4169084171 0 34 2
P 23.6448673791 12.3293123303 0 38 5
P 0.0626167395 11.5722336786 0 38 5
P 0.0000000000 17.8072119662 0 50 3
P 23.7074841185 6.0943340427 0 50 3
P 9.0742947688 14.3198829509 0 25 3
P 14.6331893497 9.5816630579 0 25 3
P 20.9172605672 9.9967331933 0 57 3
P 2.7902235514 13.9048128156 0 57 3
P 15.1543338891 16.3062313163 0 55 5
P 8.5531502294 7.5953146925 0 55 5
P 21.4804680783 16.1693423093 0 48 3
P 2.2270160402 7.7322036995 0 48 3
