P 11.0694700214 11.6896104364 0 149 2
P 19.9425366800 0.0000000000 1 100 5
P 2.1964033629 23.3792208728 2 100 5
P 0.0000000000 4.0858199690 0 33 2
P 22.1389400429 19.2934009038 0 33 2
P 10.0172138037 15.0399124394 0 32 2
P 12.1217262392 8.3393084334 0 32 2
P 15.0803916897 20.7347107738 0 33 1
P 7.0585483532 2.6445100990 0 33 1
P 5.3891016195 6.6262363971 0 54 4
P 16.7498384233 16.7529844757 0 54 4
P 3.6612741256 7.5949888376 0 30 5
P 18.4776659172 15.7842320352 0 30 5
P 3.4467560441 4.8302386835 0 34 2
P 18.6921839987 18.5489821893 0 34 2
P 8.6063078011 12.6516919158 0 45 5
P 13.5326322417 10.7275289571 0 45 5
P 0.7195705961 2.6390700427 0 66 3
P 21.4193694468 20.7401508301 0 66 3
P 1.6992578999 17.6892004021 0 43 4
P 20.4396821430 5.6900204707 0 43 4
P 8.4193619790 17.2082901379 0 90 2
P 13.7195780639 6.1709307349 0 90 2
