P 11.9804346040 11.9264569357 0 95 3
P 5.2616029257 5.8649099534 1 100 5
P 18.6992662822 17.9880039180 2 100 5
P 4.5853427968 23.2219498377 0 3 4
P 19.3755264112 0.6309640336 0 3 4
P 17.8868895443 23.8529138713 0 76 2
P 6.0739796637 0.0000000000 0 76 2
P 14.5295299955 6.2249581582 0 85 1
P 9.4313392124 17.6279557131 0 85 1
P 20.4406414798 22.1718819282 0 37 3
P 3.5202277282 1.6810319432 0 37 3
P 16.2144436986 20.8342523448 0 17 4
P 7.7464255093 3.0186615265 0 17 4
P 4.7073666438 0.9182676007 0 56 2
P 19.2535025642 22.9346462707 0 56 2
P 23.9608692080 20.1927073431 0 28 2
P 0.0000000000 3.6602065282 0 28 2
P 4.5018011949 11.7256368789 0 34 1
P 19.4590680131 12.1272769925 0 34 1
P 11.0751074381 15.7723244912 0 86 3
P 12.8857617699 8.0805893802 0 86 3
P 15.7527590952 17.7739167445 0 24 1
P 8.2081101128 6.0789971268 0 24 1
