P 11.5707245616 11.4095308964 0 128 2
P 3.1382850423 14.6245926016 1 100 5
P 20.0031640809 8.1944691912 2 100 5
P 2.8121511912 16.1874847376 0 14 1
P 20.3292979320 6.6315770553 0 14 1
P 5.3439013797 5.8802014058 0 55 3
P 17.7975477436 16.9388603870 0 55 3
P 1.3809717677 0.0000000000 0 78 1
P 21.7604773556 22.8190617928 0 78 1
P 19.3972724543 5.8336507072 0 6 3
P 3.7441766689 16.9854110856 0 6 3
P 0.1349037365 14.8820935073 0 43 5
P 23.0065453867 7.9369682856 0 43 5
P 16.4669384511 10.9731577351 0 37 1
P 6.6745106721 11.8459040578 0 37 1
P 20.3604378087 11.8244538288 0 30 2
P 2.7810113145 10.9946079641 0 30 2
P 3.3784457573 8.1818334163 0 27 3
P 19.7630033660 14.6372283765 0 27 3
P 14.8136975909 22.3897863544 0 86 2
P 8.3277515323 0.4292754384 0 86 2
P 23.1414491232 20.8757600770 0 13 3
P 0.0000000000 1.9433017159 0 13 3
