P 10.2992329552 11.4507050400 0 87 3
P 6.5551525832 11.3755561315 1 100 5
P 14.0433133273 11.5258539484 2 100 5
P 4.0190694425 11.9985430185 0 81 1
P 16.5793964679 10.9028670615 0 81 1
P 7.7122915609 13.8854776872 0 76 4
P 12.8861743495 9.0159323928 0 76 4
P 20.5984659105 2.8094229823 0 62 5
P 0.0000000000 20.0919870977 0 62 5
P 1.7109270849 6.4177132763 0 71 2
P 18.8875388256 16.4836968037 0 71 2
P 15.0850401703 0.0000000000 0 3 2
P 5.5134257402 22.9014100800 0 3 2
P 14.7633000346 1.1625239705 0 20 1
P 5.8351658759 21.7388861094 0 20 1
P 9.9478338184 3.0468659154 0 53 4
P 10.6506320921 19.8545441645 0 53 4
P 16.3301664779 13.1107128510 0 9 1
P 4.2682994326 9.7906972290 0 9 1
P 15.3179587085 12.7018218435 0 77 2
P 5.2805072019 10.1995882365 0 77 2
P 18.5173579950 13.7033783261 0 80 2
P 2.0811079154 9.1980317539 0 80 2
