P 11.6011886893 10.7687137568 0 29 4
P 22.9658835786 14.3936788470 1 100 5
P 0.2364937999 7.1437486667 2 100 5
P 9.3103348172 1.7219304115 0 24 5
P 13.8920425614 19.8154971021 0 24 5
P 13.8784103793 15.4524922443 0 1 4
P 9.3239669992 6.0849352694 0 1 4
P 11.1903857529 12.8377910204 0 68 1
P 12.0119916257 8.6996364932 0 68 1
P 19.1508119344 2.7134707210 0 70 2
P 4.0515654441 18.8239567926 0 70 2
P 6.9753884966 10.2961902853 0 4 1
P 16.2269888819 11.2412372284 0 4 1
P 16.8017447446 16.5185165706 0 3 4
P 6.4006326340 5.0189109431 0 3 4
P 20.4048724456 21.5374275136 0 37 3
P 2.7975049330 0.0000000000 0 37 3
P 2.6244131674 11.7789244483 0 24 3
P 20.5779642112 9.7585030653 0 24 3
P 15.5646160355 5.6861239475 0 2 3
P 7.6377613431 15.8513035662 0 2 3
P 23.2023773786 11.6117396446 0 57 2
P 0.0000000000 9.9256878690 0 57 2
