P 9.8038960052 11.5275833754 0 55 0
P 0.7297800894 1.8161755697 1 100 5
P 18.8780119209 21.2389911810 2 100 5
P 16.6798636805 20.6751072391 0 78 2
P 2.9279283299 2.3800595116 0 78 2
P 16.8416737620 2.8464967659 0 90 5
P 2.7661182484 20.2086699848 0 90 5
P 5.2379147398 10.8528437851 0 80 1
P 14.3698772706 12.2023229656 0 80 1
P 19.6077920103 3.5073756219 0 5 3
P 0.0000000000 19.5477911288 0 5 3
P 10.9575102529 15.4240314585 0 70 4
P 8.6502817574 7.6311352922 0 70 4
P 0.9849797157 21.1104099812 0 74 3
P 18.6228122947 1.9447567695 0 74 3
P 11.3137552530 12.8242913284 0 25 2
P 8.2940367573 10.2308754224 0 25 2
P 14.4195173599 23.0551667507 0 31 5
P 5.1882746505 0.0000000000 0 31 5
P 8.6567397791 15.0584206987 0 30 3
P 10.9510522312 7.9967460521 0 30 3
P 11.0426577828 3.2281150721 0 64 4
P 8.5651342275 19.8270516786 0 64 4
