P 9.9292500829 11.8521142713 0 17 0
P 0.4261897469 12.0859277342 1 100 5
P 19.4323104189 11.6183008084 2 100 5
P 1.6734322839 10.1195058683 0 50 3
P 18.1850678819 13.5847226743 0 50 3
P 12.5942302926 21.6594750200 0 74 1
P 7.2642698732 2.0447535226 0 74 1
P 17.1840669518 21.5528034668 0 39 5
P 2.6744332140 2.1514250758 0 39 5
P 0.0000000000 13.8261831765 0 18 2
P 19.8585001658 9.8780453661 0 18 2
P 14.1530731535 5.8435226110 0 68 2
P 5.7054270123 17.8607059316 0 68 2
P 12.3097195087 16.5314063283 0 26 3
P 7.5487806571 7.1728222143 0 26 3
P 18.6218743262 15.6335824242 0 33 3
P 1.2366258396 8.0706461184 0 33 3
P 12.6154096744 1.6868536890 0 32 3
P 7.2430904914 22.0173748536 0 32 3
P 10.0313810976 5.9956129035 0 37 1
P 9.8271190682 17.7086156391 0 37 1
P 1.8801094526 0.0000000000 0 37 1
P 17.9783907132 23.7042285426 0 37 1
