P 11.5088745540 11.0647477466 0 6 5
P 19.0377126797 17.6106533080 1 100 5
P 3.9800364282 4.5188421852 2 100 5
P 19.8529973346 14.7497900048 0 14 1
P 3.1647517733 7.3797054884 0 14 1
P 23.0177491079 12.2542974596 0 65 3
P 0.0000000000 9.8751980336 0 65 3
P 21.1868772345 20.9852605448 0 75 5
P 1.8308718735 1.1442349484 0 75 5
P 16.7720755566 8.3642210478 0 9 4
P 6.2456735513 13.7652744454 0 9 4
P 22.5260379680 19.3965832160 0 56 1
P 0.4917111399 2.7329122772 0 56 1
P 20.8447867878 8.8794586700 0 63 5
P 2.1729623201 13.2500368232 0 63 5
P 19.8666107971 22.1294954932 0 56 1
P 3.1511383109 0.0000000000 0 56 1
P 5.4183974664 16.7121689882 0 31 3
P 17.5993516415 5.4173265050 0 31 3
P 8.8413380537 20.7044035553 0 43 2
P 14.1764110542 1.4250919378 0 43 2
P 8.6533922258 10.6839098347 0 62 1
P 14.3643568821 11.4455856585 0 62 1
