P 10.6369746470 10.4757878326 0 91 0
P 19.4122333133 15.0226226407 1 100 5
P 1.8617159807 5.9289530245 2 100 5
P 12.3703948205 3.8876135293 0 38 3
P 8.9035544735 17.0639621360 0 38 3
P 21.2137574839 20.9515756652 0 43 4
P 0.0601918102 0.0000000000 0 43 4
P 8.9247280326 13.9664614675 0 55 3
P 12.3492212614 6.9851141977 0 55 3
P 21.2739492940 8.6193849000 0 11 4
P 0.0000000000 12.3321907652 0 11 4
P 20.4939719310 11.5573809238 0 49 1
P 0.7799773630 9.3941947415 0 49 1
P 1.1077075978 15.1565379608 0 28 1
P 20.1662416962 5.7950377044 0 28 1
P 18.7898083044 8.3536405043 0 78 4
P 2.4841409896 12.5979351609 0 78 4
P 6.9906151402 2.6059685213 0 50 4
P 14.2833341538 18.3456071440 0 50 4
P 18.2578289706 9.8470067316 0 89 2
P 3.0161203235 11.1045689337 0 89 2
P 4.1649517399 17.7865819679 0 19 5
P 17.1089975541 3.1649936974 0 19 5
