P 9.7143246633 11.4403860566 0 67 3
P 4.4217153957 22.8807721133 1 100 5
P 15.0069339308 0.0000000000 2 100 5
P 5.9360789386 19.7844107914 0 2 3
P 13.4925703879 3.0963613219 0 2 3
P 19.4286493265 6.3406089760 0 72 2
P 0.0000000000 16.5401631373 0 72 2
P 19.1508406341 2.9378823875 0 71 5
P 0.2778086924 19.9428897258 0 71 5
P 9.8530751401 21.8968791281 0 42 4
P 9.5755741864 0.9838929851 0 42 4
P 7.0263237353 18.6112086673 0 67 5
P 12.4023255913 4.2695634459 0 67 5
P 8.8211210709 5.1237058887 0 76 5
P 10.6075282556 17.7570662246 0 76 5
P 6.6113724441 11.1049705050 0 84 4
P 12.8172768824 11.7758016082 0 84 4
P 15.6272916271 12.2468652372 0 87 4
P 3.8013576995 10.6339068760 0 87 4
P 14.0183001747 13.1436594637 0 48 2
P 5.4103491518 9.7371126496 0 48 2
P 9.8740911418 13.6070991594 0 21 4
P 9.5545581847 9.2736729538 0 21 4
