P 10.9991556550 10.1070867768 0 140 4
P 7.5516246145 8.0217789970 1 100 5
P 14.4466866955 12.1923945566 2 100 5
P 19.8511412348 0.0000000000 0 42 2
P 2.1471700753 20.2141735536 0 42 2
P 21.9983113101 12.6560335293 0 50 1
P 0.0000000000 7.5581400243 0 50 1
P 15.2709486369 15.5903668402 0 1 1
P 6.7273626731 4.6238067134 0 1 1
P 0.1744428501 17.7308956095 0 31 1
P 21.8238684599 2.4832779441 0 31 1
P 6.3099207498 6.6599426561 0 8 3
P 15.6883905603 13.5542308975 0 8 3
P 13.7778874216 19.5662298741 0 38 4
P 8.2204238885 0.6479436795 0 38 4
P 16.5367659966 4.3326323388 0 10 1
P 5.4615453135 15.8815412148 0 10 1
P 0.1301750579 13.0050233328 0 63 5
P 21.8681362522 7.2091502208 0 63 5
P 15.7900054342 19.3258241840 0 86 5
P 6.2083058759 0.8883493696 0 86 5
P 10.7668398036 17.2121683104 0 40 5
P 11.2314715065 3.0020052432 0 40 5
