P 11.4796839503 10.8907040092 0 47 5
P 10.5617045698 0.1557523460 1 100 5
P 12.3976633308 21.6256556723 2 100 5
P 17.1620693287 11.3870339521 0 16 5
P 5.7972985719 10.3943740662 0 16 5
P 13.1480786377 17.4851999998 0 54 2
P 9.8112892629 4.2962080186 0 54 2
P 10.9939558296 6.8467442649 0 19 1
P 11.9654120710 14.9346637535 0 19 1
P 21.3551698464 7.2115199190 0 25 1
P 1.6041980542 14.5698880994 0 25 1
P 1.2610117128 19.3195553028 0 75 2
P 21.6983561878 2.4618527156 0 75 2
P 21.4117951120 20.1982840580 0 50 5
P 1.5475727886 1.5831239603 0 50 5
P 22.9593679006 2.3558004509 0 16 2
P 0.0000000000 19.4256075674 0 16 2
P 21.5392763827 16.3363293225 0 15 2
P 1.4200915179 5.4450786959 0 15 2
P 0.8813495081 21.7814080183 0 55 5
P 22.0780183925 0.0000000000 0 55 5
P 6.6912038693 8.9232575898 0 67 2
P 16.2681640313 12.8581504286 0 67 2
