P 10.6352229075 8.6856718122 0 22 0
P 0.0000000000 10.9681693404 1 100 5
P 21.2704458149 6.4031742841 2 100 5
P 21.1501996578 17.3713436245 0 6 3
P 0.1202461571 0.0000000000 0 6 3
P 2.4148972157 9.2771750806 0 87 4
P 18.8555485992 8.0941685439 0 87 4
P 5.3670959274 13.0474658706 0 1 3
P 15.9033498875 4.3238777538 0 1 3
P 19.5909668038 10.1628841172 0 69 4
P 1.6794790112 7.2084595073 0 69 4
P 16.4431459831 10.1065002056 0 23 3
P 4.8272998318 7.2648434189 0 23 3
P 8.1128566787 6.8541262629 0 69 4
P 13.1575891362 10.5172173616 0 69 4
P 6.7788778165 13.9312212867 0 84 1
P 14.4915679984 3.4401223378 0 84 1
P 12.5664441830 3.1358254790 0 30 1
P 8.7040016319 14.2355181455 0 30 1
P 17.6768798426 5.3557005065 0 31 5
P 3.5935659723 12.0156431180 0 31 5
P 16.7952673104 12.2052061391 0 85 2
P 4.4751785046 5.1661374854 0 85 2
