P 11.7786451018 11.2559214343 0 15 4
P 14.5749603354 1.8664187202 1 100 5
P 8.9823298682 20.6454241484 2 100 5
P 19.5660851018 0.0000000000 0 36 5
P 3.9912051018 22.5118428685 0 36 5
P 3.0758928038 7.1767250072 0 45 2
P 20.4813973999 15.3351178613 0 45 2
P 7.1373851705 15.0978287305 0 68 5
P 16.4199050332 7.4140141380 0 68 5
P 23.5572902037 8.8926073615 0 40 4
P 0.0000000000 13.6192355070 0 40 4
P 0.6238957088 17.6885871038 0 53 1
P 22.9333944949 4.8232557647 0 53 1
P 5.6383115266 13.3143754738 0 41 5
P 17.9189786771 9.1974673947 0 41 5
P 7.4126841870 4.5738908819 0 12 2
P 16.1446060166 17.9379519866 0 12 2
P 17.5377331309 3.2200732283 0 65 4
P 6.0195570728 19.2917696402 0 65 4
P 4.4868754616 20.9724372276 0 68 2
P 19.0704147420 1.5394056409 0 68 2
P 5.4159644569 6.9501543077 0 28 3
P 18.1413257467 15.5616885608 0 28 3
