P 11.4932407064 11.7100522778 0 137 0
P 13.6515331816 13.4626011837 1 100 5
P 9.3349482312 9.9575033719 2 100 5
P 22.9864814128 16.8288318481 0 21 1
P 0.0000000000 6.5912727074 0 21 1
P 4.0631921720 16.5609902109 0 78 1
P 18.9232892408 6.8591143446 0 78 1
P 0.5639307464 2.4271501836 0 26 3
P 22.4225506663 20.9929543720 0 26 3
P 13.4214790191 18.9355422533 0 88 2
P 9.5650023937 4.4845623022 0 88 2
P 12.9781023473 6.6703231515 0 33 2
P 10.0083790654 16.7497814040 0 33 2
P 3.7453527393 12.0884046536 0 25 1
P 19.2411286734 11.3316999019 0 25 1
P 21.5758230787 0.0000000000 0 34 2
P 1.4106583341 23.4201045555 0 34 2
P 1.8403197647 21.1245248379 0 9 5
P 21.1461616480 2.2955797176 0 9 5
P 7.1464764621 20.4303004017 0 39 2
P 15.8400049507 2.9898041538 0 39 2
P 10.2549050312 21.1116584712 0 2 3
P 12.7315763816 2.3084460843 0 2 3
