P 9.7210870710 11.4979885628 0 69 1
P 7.2584830631 9.0902042580 1 100 5
P 12.1836910789 13.9057728676 2 100 5
P 7.8049056343 22.0554531357 0 21 5
P 11.6372685077 0.9405239899 0 21 5
P 9.7904750862 6.5949230597 0 45 1
P 9.6516990558 16.4010540659 0 45 1
P 8.6727923307 15.7622933200 0 43 3
P 10.7693818113 7.2336838056 0 43 3
P 4.3732709123 13.3652629356 0 33 2
P 15.0689032297 9.6307141900 0 33 2
P 13.3070346477 2.1599746617 0 50 4
P 6.1351394943 20.8360024639 0 50 4
P 7.9528523497 0.0000000000 0 88 1
P 11.4893217923 22.9959771256 0 88 1
P 10.7602810202 19.9792297128 0 68 5
P 8.6818931218 3.0167474127 0 68 5
P 16.5050294178 18.6799670061 0 70 5
P 2.9371447242 4.3160101195 0 70 5
P 0.0000000000 20.8287381590 0 33 2
P 19.4421741420 2.1672389666 0 33 2
P 12.3805291561 12.1074817088 0 13 2
P 7.0616449858 10.8884954168 0 13 2
