P 11.9172078855 11.3280358647 0 138 3
P 22.9703421141 13.0020567426 1 100 5
P 0.8640736569 9.6540149868 2 100 5
P 18.6355638963 3.5435698421 0 25 1
P 5.1988518747 19.1125018872 0 25 1
P 21.9942156328 22.6482302466 0 76 2
P 1.8402001382 0.0078414828 0 76 2
P 23.5046639217 0.0000000000 0 30 2
P 0.3297518493 22.6560717293 0 30 2
P 0.0000000000 13.5705437798 0 7 1
P 23.8344157710 9.0855279495 0 7 1
P 4.6930191166 12.6019226334 0 3 3
P 19.1413966544 10.0541490959 0 3 3
P 7.0325546186 7.2650694620 0 13 4
P 16.8018611524 15.3910022673 0 13 4
P 18.2723110776 22.4798651256 0 15 3
P 5.5621046934 0.1762066037 0 15 3
P 3.2845711127 11.9087220076 0 30 3
P 20.5498446583 10.7473497217 0 30 3
P 11.8180884103 2.0373751568 0 64 4
P 12.0163273607 20.6186965725 0 64 4
P 3.2985113129 22.6053266705 0 46 4
P 20.5359044580 0.0507450588 0 46 4
