P 8.5320923126 11.5838537289 0 63 2
P 12.9967296072 14.3978605449 1 100 5
P 4.0674550180 8.7698469128 2 100 5
P 0.8738203463 12.9173470051 0 66 2
P 16.1903642789 10.2503604527 0 66 2
P 15.2405492064 22.4950940155 0 75 1
P 1.8236354188 0.6726134423 0 75 1
P 4.8954554223 22.7451839106 0 46 2
P 12.1687292029 0.4225235472 0 46 2
P 9.5912823982 0.0000000000 0 73 1
P 7.4729022269 23.1677074578 0 73 1
P 17.0641846252 8.9486585115 0 52 4
P 0.0000000000 14.2190489463 0 52 4
P 8.6188318509 1.8114319936 0 35 2
P 8.4453527743 21.3562754641 0 35 2
P 12.3857269084 1.7061667339 0 49 1
P 4.6784577168 21.4615407239 0 49 1
P 7.0520513500 3.4643479602 0 59 4
P 10.0121332752 19.7033594976 0 59 4
P 13.7460798201 5.6437799920 0 7 1
P 3.3181048051 17.5239274658 0 7 1
P 1.5032588511 11.6635929698 0 33 1
P 15.5609257741 11.5041144879 0 33 1
