P 11.1565820347 10.3086800307 0 57 1
P 13.1652670825 5.3856990139 1 100 5
P 9.1478969870 15.2316610474 2 100 5
P 17.7874052272 0.0000000000 0 21 2
P 4.5257588423 20.6173600613 0 21 2
P 16.2611540557 7.1901722286 0 77 1
P 6.0520100137 13.4271878327 0 77 1
P 18.1738678041 15.0029168087 0 64 4
P 4.1392962654 5.6144432526 0 64 4
P 3.5887154544 15.2031778876 0 85 5
P 18.7244486151 5.4141821737 0 85 5
P 22.3131640695 12.7516825445 0 32 5
P 0.0000000000 7.8656775168 0 32 5
P 15.7607934846 3.3471352362 0 85 1
P 6.5523705848 17.2702248251 0 85 1
P 0.7413367558 12.6257875434 0 5 4
P 21.5718273137 7.9915725179 0 5 4
P 10.6378819321 0.1681830101 0 27 3
P 11.6752821373 20.4491770512 0 27 3
P 9.8975772121 10.3632205102 0 89 2
P 12.4155868573 10.2541395511 0 89 2
P 3.9053592812 2.7121386019 0 60 2
P 18.4078047883 17.9052214594 0 60 2
