P 11.2538069483 10.3447927117 0 76 3
P 22.3622504391 4.0320757423 1 100 5
P 0.1453634576 16.6575096811 2 100 5
P 5.8738704314 0.0000000000 0 28 1
P 16.6337434652 20.6895854234 0 28 1
P 0.0000000000 2.9883285589 0 4 1
P 22.5076138966 17.7012568646 0 4 1
P 4.9581260406 10.3674711075 0 34 5
P 17.5494878560 10.3221143160 0 34 5
P 21.1351246373 1.7222527236 0 37 2
P 1.3724892593 18.9673326998 0 37 2
P 4.2089027968 14.0130390776 0 66 4
P 18.2987110998 6.6765463458 0 66 4
P 19.1917762399 16.7783362124 0 8 3
P 3.3158376568 3.9112492110 0 8 3
P 8.8847726401 19.8321020211 0 11 2
P 13.6228412565 0.8574834023 0 11 2
P 22.3963235572 12.0054271426 0 49 2
P 0.1112903394 8.6841582808 0 49 2
P 19.0480048298 4.2367087548 0 86 1
P 3.4596090668 16.4528766686 0 86 1
P 8.5231830145 9.9404040770 0 44 2
P 13.9844308821 10.7491813464 0 44 2
