P 9.8738514026 10.3521814376 0 90 5
P 13.8421442871 16.0712756850 1 100 5
P 5.9055585181 4.6330871902 2 100 5
P 5.2779351199 17.7264456459 0 78 5
P 14.4697676853 2.9779172293 0 78 5
P 4.4207687212 3.1154268212 0 5 5
P 15.3269340840 17.5889360540 0 5 5
P 0.0000000000 17.2953018142 0 2 3
P 19.7477028052 3.4090610609 0 2 3
P 3.6636340114 0.6761409047 0 33 4
P 16.0840687938 20.0282219704 0 33 4
P 19.3425822013 14.6147758507 0 32 1
P 0.4051206039 6.0895870245 0 32 1
P 6.6602988758 19.7414317223 0 13 2
P 13.0874039294 0.9629311529 0 13 2
P 18.1413787427 0.7908121798 0 11 4
P 1.6063240625 19.9135506954 0 11 4
P 5.2479242856 0.1829375402 0 24 4
P 14.4997785196 20.5214253350 0 24 4
P 19.0788717135 11.6195181402 0 85 2
P 0.6688310917 9.0848447350 0 85 2
P 12.3682155480 20.7043628752 0 6 3
P 7.3794872572 0.0000000000 0 6 3
