P 9.2326836536 11.2014224563 0 143 1
P 4.7759789809 10.1384259137 1 100 5
P 13.6893883262 12.2644189989 2 100 5
P 18.4653673072 4.0292918887 0 87 3
P 0.0000000000 18.3735530238 0 87 3
P 7.7977417893 22.4028449126 0 83 5
P 10.6676255179 0.0000000000 0 83 5
P 1.0603092653 1.1029108805 0 86 4
P 17.4050580419 21.2999340320 0 86 4
P 2.4000708919 3.5058597715 0 42 3
P 16.0652964153 18.8969851410 0 42 3
P 3.2391137608 19.1845223062 0 19 3
P 15.2262535464 3.2183226064 0 19 3
P 12.5457635357 3.2669082634 0 37 4
P 5.9196037715 19.1359366491 0 37 4
P 15.9869430661 0.3830409275 0 67 3
P 2.4784242411 22.0198039850 0 67 3
P 0.3157905491 5.6302774165 0 64 5
P 18.1495767581 16.7725674961 0 64 5
P 7.9659759290 2.0787461521 0 67 3
P 10.4993913781 20.3240987604 0 67 3
P 12.9213886358 10.3297107007 0 23 2
P 5.5439786713 12.0731342119 0 23 2
