P 10.1056233300 10.3904589295 0 122 0
P 15.1881085332 17.9983942816 1 100 5
P 5.0231381268 2.7825235775 2 100 5
P 10.6156383057 4.7039137467 0 41 1
P 9.5956083544 16.0770041123 0 41 1
P 6.1153411707 17.5752761558 0 52 3
P 14.0959054893 3.2056417033 0 52 3
P 18.7268310314 9.9714118549 0 81 3
P 1.4844156287 10.8095060041 0 81 3
P 6.7411813916 2.2223742205 0 63 1
P 13.4700652684 18.5585436386 0 63 1
P 0.0000000000 20.7012886837 0 87 3
P 20.2112466601 0.0796291754 0 87 3
P 17.2214824153 7.6235844603 0 40 2
P 2.9897642448 13.1573333988 0 40 2
P 0.1239437834 3.8422224391 0 31 1
P 20.0873028767 16.9386954200 0 31 1
P 15.0955887395 6.6431216852 0 36 4
P 5.1156579205 14.1377961739 0 36 4
P 12.6717409141 0.0000000000 0 44 4
P 7.5395057460 20.7809178591 0 44 4
P 18.8999816379 14.1830987177 0 28 2
P 1.3112650222 6.5978191414 0 28 2
