P 10.1337005040 10.8009617323 0 78 5
P 9.7445250907 9.1500234535 1 100 5
P 10.5228759174 12.4519000111 2 100 5
P 0.7081926878 17.2914778782 0 82 4
P 19.5592083202 4.3104455864 0 82 4
P 0.0000000000 11.5445532480 0 68 2
P 20.2674010081 10.0573702166 0 68 2
P 15.8956717848 10.8909443854 0 40 5
P 4.3717292232 10.7109790792 0 40 5
P 15.1787217181 5.2423750522 0 67 4
P 5.0886792900 16.3595484124 0 67 4
P 8.0147430711 15.0957813892 0 41 4
P 12.2526579370 6.5061420754 0 41 4
P 3.4851133430 7.7505299709 0 30 3
P 16.7822876651 13.8513934938 0 30 3
P 13.2418158302 0.0000000000 0 82 2
P 7.0255851778 21.6019234646 0 82 2
P 17.8232549177 18.8608195423 0 58 3
P 2.4441460904 2.7411039224 0 58 3
P 6.9371498185 8.5253702442 0 21 4
P 13.3302511896 13.0765532204 0 21 4
P 19.9480916690 2.6647863140 0 14 3
P 0.3193093391 18.9371371506 0 14 3
