P 9.9784204056 10.4340212338 0 21 0
P 6.5108183168 8.7685564350 1 100 5
P 13.4460224944 12.0994860325 2 100 5
P 19.8762052040 16.0565520004 0 76 4
P 0.0806356073 4.8114904672 0 76 4
P 17.3985005996 17.7239498169 0 74 5
P 2.5583402117 3.1440926507 0 74 5
P 14.3414809808 20.6507161803 0 41 1
P 5.6153598305 0.2173262873 0 41 1
P 1.3822033039 0.0000000000 0 85 2
P 18.5746375074 20.8680424676 0 85 2
P 17.3242797411 9.8135553942 0 14 3
P 2.6325610702 11.0544870734 0 14 3
P 3.7868105265 12.7756241321 0 68 5
P 16.1700302848 8.0924183354 0 68 5
P 12.7443613767 3.3302679636 0 53 3
P 7.2124794345 17.5377745039 0 53 3
P 5.4744074780 13.5582216333 0 51 3
P 14.4824333333 7.3098208342 0 51 3
P 0.0000000000 13.7080524441 0 36 1
P 19.9568408113 7.1599900234 0 36 1
P 16.5740846100 3.9830682073 0 71 3
P 3.3827562013 16.8849742603 0 71 3
