P 11.5960285885 10.4700831093 0 137 5
P 12.2231362705 12.2306558770 1 100 5
P 10.9689209065 8.7095103416 2 100 5
P 14.7314987363 3.1611991316 0 3 2
P 8.4605584408 17.7789670871 0 3 2
P 0.9465755787 12.6202582925 0 7 2
P 22.2454815983 8.3199079262 0 7 2
P 0.0000000000 6.2261571280 0 22 5
P 23.1920571770 14.7140090907 0 22 5
P 0.6790372546 15.2461104986 0 37 5
P 22.5130199224 5.6940557201 0 37 5
P 5.7931587500 3.0300954706 0 62 3
P 17.3988984271 17.9100707480 0 62 3
P 22.2389639757 11.4449893587 0 51 4
P 0.9530932014 9.4951768599 0 51 4
P 14.3775774456 14.6755556235 0 23 2
P 8.8144797314 6.2646105952 0 23 2
P 10.0621009628 20.9401662186 0 22 4
P 13.1299562143 0.0000000000 0 22 4
P 2.7572277201 18.4869804357 0 70 5
P 20.4348294569 2.4531857830 0 70 5
P 9.7631010868 16.4161614405 0 36 4
P 13.4289560902 4.5240047781 0 36 4
