P 10.9614127832 10.7399024287 0 126 0
P 3.7259586806 0.0000000000 1 100 5
P 18.1968668859 21.4798048574 2 100 5
P 19.5531785356 17.1793253427 0 6 5
P 2.3696470309 4.3004795147 0 6 5
P 3.7183833289 14.5500642054 0 20 5
P 18.2044422376 6.9297406519 0 20 5
P 1.4367566413 16.8780093570 0 41 4
P 20.4860689251 4.6017955004 0 41 4
P 0.1512597465 17.8483498440 0 40 4
P 21.7715658200 3.6314550134 0 40 4
P 10.1738359677 7.0023380141 0 77 3
P 11.7489895987 14.4774668433 0 77 3
P 9.0158340116 17.2233476682 0 50 5
P 12.9069915548 4.2564571892 0 50 5
P 1.4364977635 7.9683278799 0 22 1
P 20.4863278030 13.5114769775 0 22 1
P 0.0000000000 2.1777343388 0 15 1
P 21.9228255665 19.3020705186 0 15 1
P 20.5373516216 19.4837655814 0 60 1
P 1.3854739449 1.9960392760 0 60 1
P 14.8137233513 9.5774273023 0 36 4
P 7.1091022152 11.9023775551 0 36 4
