P 11.9555397704 10.2230807274 0 31 0
P 18.8905106461 12.3802974803 1 100 5
P 5.0205688947 8.0658639744 2 100 5
P 1.2187471842 12.7146640591 0 25 4
P 22.6923323566 7.7314973957 0 25 4
P 6.6562224434 7.8646289072 0 90 1
P 17.2548570974 12.5815325475 0 90 1
P 9.4534839212 12.4999985008 0 50 4
P 14.4575956196 7.9461629539 0 50 4
P 23.9110795408 10.1837359006 0 56 3
P 0.0000000000 10.2624255541 0 56 3
P 5.8073968095 20.4461614548 0 85 5
P 18.1036827313 0.0000000000 0 85 5
P 17.3202013417 17.9358774656 0 51 3
P 6.5908781991 2.5102839891 0 51 3
P 7.3873256777 4.8915870958 0 53 2
P 16.5237538631 15.5545743590 0 53 2
P 4.0789605435 9.4740460373 0 85 2
P 19.8321189973 10.9721154175 0 85 2
P 20.8480532602 3.5133613402 0 33 5
P 3.0630262806 16.9328001146 0 33 5
P 1.0271603135 0.7215627286 0 78 3
P 22.8839192273 19.7245987261 0 78 3
