P 11.4978395773 9.0308892117 0 107 2
P 22.8745546187 17.0606422765 1 100 5
P 0.1211245359 1.0011361470 2 100 5
P 22.1205083049 13.1252614097 0 17 4
P 0.8751708497 4.9365170137 0 17 4
P 12.8310215160 11.7403330038 0 63 2
P 10.1646576385 6.3214454196 0 63 2
P 5.2499247665 15.1259625326 0 34 2
P 17.7457543880 2.9358158908 0 34 2
P 7.0052895169 7.9914043099 0 59 5
P 15.9903896376 10.0703741135 0 59 5
P 0.9784069848 13.0467919656 0 83 4
P 22.0172721697 5.0149864578 0 83 4
P 13.3754401977 13.0346163125 0 2 4
P 9.6202389568 5.0271621109 0 2 4
P 6.2165562837 4.8331997417 0 73 3
P 16.7791228708 13.2285786817 0 73 3
P 0.0000000000 8.4579027968 0 81 2
P 22.9956791545 9.6038756266 0 81 2
P 3.0192253492 14.0002812510 0 62 5
P 19.9764538053 4.0614971724 0 62 5
P 7.1766753975 0.0000000000 0 9 5
P 15.8190037570 18.0617784234 0 9 5
