P 9.7486736689 11.8863303512 0 6 1
P 12.8764159143 16.9776607309 1 100 5
P 6.6209314236 6.7949999714 2 100 5
P 9.6952461273 15.1466814909 0 48 3
P 9.8021012106 8.6259792115 0 48 3
P 1.7282304623 18.0510699833 0 18 4
P 17.7691168756 5.7215907191 0 18 4
P 5.3563528421 22.0856379895 0 22 5
P 14.1409944958 1.6870227129 0 22 5
P 19.4973473379 5.2953206847 0 34 1
P 0.0000000000 18.4773400177 0 34 1
P 7.3592234363 18.9556723325 0 9 1
P 12.1381239016 4.8169883698 0 9 1
P 7.3031025712 23.7726607024 0 57 2
P 12.1942447667 0.0000000000 0 57 2
P 16.8541273479 19.0599678397 0 26 2
P 2.6432199900 4.7126928627 0 26 2
P 18.9924324541 18.2770505521 0 49 4
P 0.5049148838 5.4956101503 0 49 4
P 7.3997450096 2.0191780003 0 41 5
P 12.0976023283 21.7534827021 0 41 5
P 18.0462609502 3.9753075819 0 36 2
P 1.4510863877 19.7973531204 0 36 2
