P 11.5793755462 11.5540423503 0 150 0
P 11.6674709523 12.4856440446 1 100 5
P 11.4912801401 10.6224406560 2 100 5
P 6.4674708799 8.7384674031 0 56 4
P 16.6912802126 14.3696172975 0 56 4
P 2.3434899721 10.6914850523 0 13 3
P 20.8152611204 12.4165996483 0 13 3
P 17.7735235439 18.2390858504 0 15 2
P 5.3852275486 4.8689988502 0 15 2
P 2.8688807948 2.1435557428 0 90 2
P 20.2898702977 20.9645289578 0 90 2
P 18.6745775764 4.8256213836 0 60 2
P 4.4841735160 18.2824633169 0 60 2
P 8.8531964239 10.9255163385 0 57 5
P 14.3055546686 12.1825683621 0 57 5
P 16.8998496015 23.1080847006 0 76 5
P 6.2589014910 0.0000000000 0 76 5
P 7.0545470561 3.9609416481 0 67 3
P 16.1042040363 19.1471430525 0 67 3
P 0.0000000000 19.0943806707 0 57 4
P 23.1587510925 4.0137040298 0 57 4
P 13.8047573556 17.2874639413 0 82 5
P 9.3539937368 5.8206207593 0 82 5
