P 10.9320795866 11.7835154346 0 20 3
P 8.6702672880 7.6988541743 1 100 5
P 13.1938918853 15.8681766949 2 100 5
P 13.0913559520 3.3243416228 0 61 4
P 8.7728032213 20.2426892464 0 61 4
P 20.8981956378 11.6160748096 0 77 4
P 0.9659635355 11.9509560596 0 77 4
P 3.8068539145 10.7311402721 0 56 2
P 18.0573052587 12.8358905971 0 56 2
P 17.3685662641 20.0550552365 0 23 1
P 4.4955929092 3.5119756328 0 23 1
P 4.8427341789 1.0433434216 0 22 1
P 17.0214249943 22.5236874477 0 22 1
P 6.7782622384 3.9826339353 0 10 2
P 15.0858969349 19.5843969339 0 10 2
P 21.8641591733 23.0345334779 0 52 4
P 0.0000000000 0.5324973914 0 52 4
P 6.9987404454 23.5670308692 0 40 3
P 14.8654187279 0.0000000000 0 40 3
P 2.2564211983 21.1106901491 0 39 2
P 19.6077379750 2.4563407202 0 39 2
P 8.0918136761 11.0367946192 0 50 1
P 13.7723454972 12.5302362500 0 50 1
