P 11.8669946640 11.2945605550 0 66 3
P 4.8476315350 12.2854730097 1 100 5
P 18.8863577931 10.3036481004 2 100 5
P 19.5906678492 2.2389413427 0 42 5
P 4.1433214788 20.3501797674 0 42 5
P 8.4828511851 22.5891211101 0 22 3
P 15.2511381429 0.0000000000 0 22 3
P 11.1585482895 12.9274374419 0 36 1
P 12.5754410385 9.6616836682 0 36 1
P 11.5947661230 5.2367005708 0 1 2
P 12.1392232050 17.3524205393 0 1 2
P 17.6798546024 7.0678472924 0 46 5
P 6.0541347256 15.5212738176 0 46 5
P 17.3433913520 20.2171744314 0 76 4
P 6.3905979760 2.3719466787 0 76 4
P 23.7339893280 12.4305598086 0 85 5
P 0.0000000000 10.1585613015 0 85 5
P 12.2975544614 19.0544726639 0 39 1
P 11.4364348666 3.5346484461 0 39 1
P 21.3134504991 9.8943982804 0 27 1
P 2.4205388289 12.6947228297 0 27 1
P 0.0997092650 7.0485696863 0 41 2
P 23.6342800630 15.5405514238 0 41 2
