P 11.5715540347 11.1535505909 0 61 0
P 10.4755274404 22.1757601230 1 100 5
P 12.6675806291 0.1313410588 2 100 5
P 1.3355287767 9.3165361068 0 31 4
P 21.8075792928 12.9905650751 0 31 4
P 0.7770292800 7.8263311311 0 78 2
P 22.3660787895 14.4807700508 0 78 2
P 0.0000000000 12.0914640818 0 15 5
P 23.1431080695 10.2156371000 0 15 5
P 23.1108667660 19.4765961149 0 29 1
P 0.0322413035 2.8305050669 0 29 1
P 9.1942428989 8.7796249729 0 60 3
P 13.9488651706 13.5274762090 0 60 3
P 19.3606139325 0.0000000000 0 46 5
P 3.7824941370 22.3071011819 0 46 5
P 9.0907839840 10.1637955765 0 89 3
P 14.0523240855 12.1433056053 0 89 3
P 1.3352387963 15.1493807766 0 40 5
P 21.8078692731 7.1577204052 0 40 5
P 2.6502023836 12.1645198223 0 9 3
P 20.4929056859 10.1425813595 0 9 3
P 4.1915981007 15.9351776726 0 32 5
P 18.9515099688 6.3719235092 0 32 5
