P 10.3515077226 10.9976771320 0 79 1
P 17.6001610316 19.4969280304 1 100 5
P 3.1028544135 2.4984262337 2 100 5
P 3.5654124895 13.3617009844 0 34 1
P 17.1376029556 8.6336532797 0 34 1
P 8.3073212916 0.0000000000 0 50 5
P 12.3956941536 21.9953542640 0 50 5
P 13.9763146518 18.7643486200 0 19 4
P 6.7267007934 3.2310056441 0 19 4
P 5.8040792522 19.7073061223 0 85 4
P 14.8989361929 2.2880481418 0 85 4
P 6.9235292258 11.2310657777 0 76 5
P 13.7794862193 10.7642884863 0 76 5
P 5.4622515391 5.6637212437 0 65 2
P 15.2407639060 16.3316330203 0 65 2
P 10.7768963886 0.7845364924 0 38 4
P 9.9261190565 21.2108177716 0 38 4
P 14.5023909353 14.6706572616 0 76 3
P 6.2006245098 7.3246970025 0 76 3
P 15.0268107201 4.8794979327 0 42 5
P 5.6762047250 17.1158563314 0 42 5
P 0.0000000000 5.8126715859 0 5 5
P 20.7030154451 16.1826826782 0 5 5
