P 10.6025238180 11.7054749093 0 51 4
P 15.4158823823 4.9204825335 1 100 5
P 5.7891652537 18.4904672850 2 100 5
P 7.0290374938 15.5755919477 0 38 2
P 14.1760101422 7.8353578708 0 38 2
P 6.0156114651 8.7691044550 0 3 3
P 15.1894361708 14.6418453635 0 3 3
P 7.1193077523 17.0670834673 0 39 1
P 14.0857398836 6.3438663512 0 39 1
P 9.4362369373 7.9072798527 0 9 1
P 11.7688106987 15.5036699658 0 9 1
P 15.9013196006 9.6126869179 0 50 2
P 5.3037280353 13.7982629006 0 50 2
P 2.2961248319 23.4109498185 0 87 5
P 18.9089228040 0.0000000000 0 87 5
P 1.5119197934 3.5964822488 0 41 1
P 19.6931278425 19.8144675697 0 41 1
P 12.4644852376 17.9655923182 0 10 3
P 8.7405623983 5.4453575003 0 10 3
P 8.7327582542 21.5271796424 0 31 3
P 12.4722893818 1.8837701762 0 31 3
P 0.0000000000 14.8829722213 0 4 4
P 21.2050476359 8.5279775972 0 4 4
