P 11.3031075370 10.8616483765 0 47 1
P 7.8621908128 1.1133793970 1 100 5
P 14.7440242612 20.6099173560 2 100 5
P 21.0542611652 13.8937318166 0 77 5
P 1.5519539088 7.8295649364 0 77 5
P 21.3603148150 11.3456442707 0 55 2
P 1.2459002590 10.3776524823 0 55 2
P 21.6347506184 20.3173518089 0 85 5
P 0.9714644556 1.4059449441 0 85 5
P 12.3613787984 1.5178757950 0 5 3
P 10.2448362756 20.2054209580 0 5 3
P 0.7413944456 11.7618567253 0 51 3
P 21.8648206284 9.9614400277 0 51 3
P 22.6062150740 18.4000370886 0 74 3
P 0.0000000000 3.3232596644 0 74 3
P 14.5326670066 2.1442040327 0 1 3
P 8.0735480674 19.5790927203 0 1 3
P 21.9292215397 0.0000000000 0 4 2
P 0.6769935343 21.7232967530 0 4 2
P 15.4735426118 17.7051429272 0 9 2
P 7.1326724622 4.0181538258 0 9 2
P 17.9308603713 11.6650577689 0 24 5
P 4.6753547027 10.0582389841 0 24 5
