P 11.6676831318 11.7070285341 0 79 2
P 20.0236865115 19.3379116819 1 100 5
P 3.3116797522 4.0761453864 2 100 5
P 16.5518683086 11.2437681608 0 49 1
P 6.7834979551 12.1702889074 0 49 1
P 10.1753049913 16.2823037879 0 9 2
P 13.1600612724 7.1317532804 0 9 2
P 4.0062777307 11.1765028067 0 40 4
P 19.3290885330 12.2375542616 0 40 4
P 15.2885121439 11.8893990274 0 68 2
P 8.0468541198 11.5246580409 0 68 2
P 22.6134193757 8.1239198521 0 12 4
P 0.7219468880 15.2901372161 0 12 4
P 23.3353662637 12.0620122981 0 24 1
P 0.0000000000 11.3520447702 0 24 1
P 6.5999824435 16.7950306501 0 63 1
P 16.7353838201 6.6190264181 0 63 1
P 22.1888594619 13.1085557291 0 62 3
P 1.1465068018 10.3055013392 0 62 3
P 0.6059499423 17.9712332273 0 13 3
P 22.7294163214 5.4428238410 0 13 3
P 10.5071630788 0.0000000000 0 14 1
P 12.8282031849 23.4140570683 0 14 1
