P 11.1955724355 11.5246907694 0 80 0
P 20.2690881622 6.4948803068 1 100 5
P 2.1220567087 16.5545012320 2 100 5
P 4.9577910439 7.4066118446 0 20 3
P 17.4333538271 15.6427696942 0 20 3
P 22.3911448710 8.1795105227 0 55 3
P 0.0000000000 14.8698710161 0 55 3
P 9.6631656558 21.1573932083 0 50 2
P 12.7279792152 1.8919883305 0 50 2
P 7.5518377607 5.2872944313 0 78 1
P 14.8393071102 17.7620871075 0 78 1
P 5.6171411414 13.1540422389 0 54 5
P 16.7740037296 9.8953392999 0 54 5
P 17.2603279656 1.6542008788 0 73 3
P 5.1308169054 21.3951806600 0 73 3
P 0.1178075150 17.4617501392 0 2 5
P 22.2733373559 5.5876313996 0 2 5
P 3.4818314814 16.5180863889 0 82 1
P 18.9093133895 6.5312951498 0 82 1
P 0.0708891191 1.2170731617 0 73 1
P 22.3202557519 21.8323083771 0 73 1
P 9.5427745811 23.0493815388 0 83 2
P 12.8483702898 0.0000000000 0 83 2
