P 11.4855933709 9.4761885132 0 75 0
P 20.6604931898 12.6283529869 1 100 5
P 2.3106935519 6.3240240395 2 100 5
P 5.5976910356 8.1098284983 0 79 3
P 17.3734957061 10.8425485281 0 79 3
P 8.2462102660 13.0708736205 0 8 3
P 14.7249764757 5.8815034059 0 8 3
P 10.5507927065 14.5351957262 0 12 5
P 12.4203940353 4.4171813002 0 12 5
P 12.2897477468 9.8615686455 0 15 2
P 10.6814389949 9.0908083809 0 15 2
P 12.3951319179 18.9523770264 0 27 2
P 10.5760548239 0.0000000000 0 27 2
P 0.5637254345 17.8807658599 0 90 5
P 22.4074613072 1.0716111665 0 90 5
P 5.2613873879 18.0245437631 0 80 3
P 17.7097993538 0.9278332633 0 80 3
P 6.7437437394 3.9027746710 0 5 4
P 16.2274430023 15.0496023554 0 5 4
P 22.9711867417 5.1310415515 0 50 3
P 0.0000000000 13.8213354749 0 50 3
P 19.5258265527 4.6946378745 0 2 3
P 3.4453601890 14.2577391519 0 2 3
