P 10.5255602219 11.9640896469 0 124 5
P 7.3612469506 0.7135384645 1 100 5
P 13.6898734931 23.2146408293 2 100 5
P 0.4647474515 8.0646518395 0 58 2
P 20.5863729923 15.8635274544 0 58 2
P 18.5760041487 17.4205768115 0 70 1
P 2.4751162950 6.5076024823 0 70 1
P 3.0539135090 4.3361895514 0 6 3
P 17.9972069347 19.5919897424 0 6 3
P 2.4712110546 11.8721991497 0 45 1
P 18.5799093892 12.0559801441 0 45 1
P 19.9085924867 11.7593847121 0 62 2
P 1.1425279570 12.1687945817 0 62 2
P 12.3334640098 18.3576209258 0 8 1
P 8.7176564339 5.5705583680 0 8 1
P 21.0511204438 5.3301509122 0 76 3
P 0.0000000000 18.5980283816 0 76 3
P 11.9921836797 10.1653560410 0 35 5
P 9.0589367640 13.7628232528 0 35 5
P 2.1833137694 23.9281792938 0 55 1
P 18.8678066744 0.0000000000 0 55 1
P 2.8617497621 18.2918243493 0 78 2
P 18.1893706816 5.6363549445 0 78 2
