P 11.6430801897 11.6248809321 0 68 3
P 0.0000000000 14.9039376969 1 100 5
P 23.2861603793 8.3458241673 2 100 5
P 22.5457686663 23.2497618642 0 47 1
P 0.7403917130 0.0000000000 0 47 1
P 2.9965825430 8.8332952041 0 36 3
P 20.2895778363 14.4164666601 0 36 3
P 17.8899654457 0.4026181476 0 60 2
P 5.3961949336 22.8471437166 0 60 2
P 12.5824406764 9.8065962129 0 77 2
P 10.7037197029 13.4431656513 0 77 2
P 15.2767972943 5.2483547243 0 23 1
P 8.0093630850 18.0014071399 0 23 1
P 12.2886649167 8.2754800060 0 50 4
P 10.9974954627 14.9742818582 0 50 4
P 3.7848191093 0.5801258462 0 84 3
P 19.5013412701 22.6696360180 0 84 3
P 22.0317229396 17.9759265790 0 71 4
P 1.2544374397 5.2738352852 0 71 4
P 17.6190067574 4.2722203081 0 81 3
P 5.6671536219 18.9775415561 0 81 3
P 13.4988338377 2.4487178151 0 12 1
P 9.7873265416 20.8010440491 0 12 1
