P 11.9730765112 11.4180029330 0 68 2
P 2.6012275268 15.7225325330 1 100 5
P 21.3449254955 7.1134733330 2 100 5
P 3.7060167471 19.2177198619 0 61 5
P 20.2401362752 3.6182860041 0 61 5
P 5.4199683244 14.6317908571 0 32 3
P 18.5261846979 8.2042150089 0 32 3
P 1.4453788369 8.6054212752 0 25 4
P 22.5007741854 14.2305845908 0 25 4
P 0.0000000000 2.7259207977 0 3 5
P 23.9461530223 20.1100850683 0 3 5
P 20.3109485266 9.8304458008 0 18 4
P 3.6352044957 13.0055600652 0 18 4
P 21.7754566883 2.1005088585 0 13 4
P 2.1706963341 20.7354970075 0 13 4
P 6.4144341976 0.0000000000 0 9 3
P 17.5317188248 22.8360058660 0 9 3
P 20.3547905070 19.1031131833 0 24 3
P 3.5913625153 3.7328926827 0 24 3
P 10.8719746856 17.4129019274 0 71 3
P 13.0741783367 5.4231039385 0 71 3
P 3.1553938366 22.0440510540 0 67 3
P 20.7907591857 0.7919548120 0 67 3
