P 10.9994616057 11.7913296147 0 134 2
P 8.5014344568 13.2321988369 1 100 5
P 13.4974887546 10.3504603926 2 100 5
P 20.7752950549 19.6761347184 0 67 2
P 1.2236281565 3.9065245110 0 67 2
P 1.5979313076 0.0000000000 0 45 5
P 20.4009919038 23.5826592294 0 45 5
P 3.8283297475 15.0361516136 0 43 3
P 18.1705934639 8.5465076159 0 43 3
P 15.0075647193 2.5151633408 0 35 1
P 6.9913584921 21.0674958886 0 35 1
P 20.3805674856 15.8366749100 0 84 5
P 1.6183557257 7.7459843195 0 84 5
P 14.5625411601 5.0456953594 0 82 2
P 7.4363820513 18.5369638701 0 82 2
P 0.0000000000 6.0755008338 0 22 4
P 21.9989232114 17.5071583956 0 22 4
P 10.0058612423 5.7249078293 0 73 5
P 11.9930619691 17.8577514001 0 73 5
P 0.8178449128 18.6958248740 0 26 3
P 21.1810782986 4.8868343555 0 26 3
P 18.1126272502 12.5465957246 0 13 4
P 3.8862959612 11.0360635049 0 13 4
