P 11.7907715141 10.9752395819 0 78 3
P 7.3745373522 17.9952712627 1 100 5
P 16.2070056760 3.9552079011 2 100 5
P 9.2748418047 18.4822414082 0 32 3
P 14.3067012235 3.4682377556 0 32 3
P 21.6534772653 13.7752950554 0 44 2
P 1.9280657628 8.1751841084 0 44 2
P 7.4509544370 2.4211273726 0 8 3
P 16.1305885912 19.5293517911 0 8 3
P 0.3659389840 1.9296465227 0 20 1
P 23.2156040441 20.0208326411 0 20 1
P 17.6733994641 9.1357988497 0 33 2
P 5.9081435641 12.8146803141 0 33 2
P 12.5712313115 5.2431414375 0 50 4
P 11.0103117167 16.7073377262 0 50 4
P 1.5656751849 18.2699105229 0 53 5
P 22.0158678433 3.6805686409 0 53 5
P 13.0933540413 8.3844125943 0 26 3
P 10.4881889869 13.5660665694 0 26 3
P 0.0000000000 0.0000000000 0 39 4
P 23.5815430282 21.9504791638 0 39 4
P 4.2614197229 19.0641202792 0 66 4
P 19.3201233052 2.8863588846 0 66 4
