P 9.4229634169 11.1031625341 0 147 1
P 2.5474829648 2.3696984958 1 100 5
P 16.2984438689 19.8366265725 2 100 5
P 9.0353913945 4.3353923542 0 2 3
P 9.8105354392 17.8709327140 0 2 3
P 18.4427495014 20.3594913242 0 64 1
P 0.4031773323 1.8468337440 0 64 1
P 0.0000000000 6.6959810176 0 40 2
P 18.8459268337 15.5103440506 0 40 2
P 6.1519857115 8.0049417205 0 68 2
P 12.6939411222 14.2013833477 0 68 2
P 5.3037518846 17.1318637771 0 17 3
P 13.5421749491 5.0744612911 0 17 3
P 8.1061456129 22.2063250682 0 81 5
P 10.7397812208 0.0000000000 0 81 5
P 1.6899370112 7.6407737209 0 71 1
P 17.1559898225 14.5655513474 0 71 1
P 17.0659410586 9.3289668045 0 12 5
P 1.7799857751 12.8773582638 0 12 5
P 14.6629715481 1.2167305095 0 42 2
P 4.1829552856 20.9895945587 0 42 2
P 7.5259029677 2.0108184377 0 56 3
P 11.3200238661 20.1955066306 0 56 3
