P 7.7695617358 11.0869600359 0 72 3
P 13.8913905164 18.1649597409 1 100 5
P 1.6477329552 4.0089603309 2 100 5
P 8.9741912861 18.2510379973 0 70 5
P 6.5649321855 3.9228820745 0 70 5
P 0.6965210329 14.4666583345 0 36 4
P 14.8426024387 7.7072617373 0 36 4
P 5.0536613972 7.0469908598 0 51 4
P 10.4854620744 15.1269292120 0 51 4
P 2.7242876341 12.2660948654 0 39 5
P 12.8148358375 9.9078252064 0 39 5
P 0.0000000000 20.1768855062 0 39 1
P 15.5391234716 1.9970345655 0 39 1
P 2.9339692681 2.8547206423 0 41 2
P 12.6051542035 19.3191994295 0 41 2
P 6.6031528481 1.5331928178 0 60 2
P 8.9359706235 20.6407272539 0 60 2
P 5.1067490639 18.7802715985 0 83 1
P 10.4323744077 3.3936484733 0 83 1
P 10.6269512487 0.0000000000 0 72 5
P 4.9121722229 22.1739200718 0 72 5
P 12.0623000097 6.4334100105 0 6 5
P 3.4768234619 15.7405100613 0 6 5
