P 11.0158644090 11.7957965991 0 140 1
P 3.4782339015 22.1627371489 1 100 5
P 18.5534949166 1.4288560494 2 100 5
P 14.4086513847 0.0000000000 0 26 3
P 7.6230774334 23.5915931983 0 26 3
P 13.1653187821 6.8531377236 0 39 2
P 8.8664100360 16.7384554747 0 39 2
P 12.0192784164 5.2086302700 0 17 4
P 10.0124504017 18.3829629283 0 17 4
P 13.4495530303 16.6212668906 0 25 5
P 8.5821757878 6.9703263077 0 25 5
P 2.3779226962 15.5905572100 0 21 5
P 19.6538061219 8.0010359883 0 21 5
P 16.7409676876 4.8536101006 0 52 5
P 5.2907611305 18.7379830977 0 52 5
P 0.0000000000 17.2344179494 0 19 1
P 22.0317288181 6.3571752488 0 19 1
P 16.6586891714 19.4637008698 0 28 5
P 5.3730396467 4.1278923285 0 28 5
P 19.5205964462 21.5489967305 0 83 2
P 2.5111323718 2.0425964678 0 83 2
P 3.8264056536 8.0288985297 0 60 5
P 18.2053231644 15.5626946686 0 60 5
