P 11.8842788860 11.2750432488 0 69 2
P 0.1393405125 22.5500864976 1 100 5
P 23.6292172594 0.0000000000 2 100 5
P 10.9087138413 13.4068653944 0 20 2
P 12.8598439306 9.1432211032 0 20 2
P 12.5084409548 15.1563690152 0 11 3
P 11.2601168171 7.3937174824 0 11 3
P 0.0000000000 12.7571056358 0 45 1
P 23.7685577719 9.7929808618 0 45 1
P 15.0935337539 20.2456620840 0 79 4
P 8.6750240180 2.3044244136 0 79 4
P 6.6991486394 2.5524723877 0 63 4
P 17.0694091325 19.9976141099 0 63 4
P 15.3314022419 13.6708597493 0 19 1
P 8.4371555301 8.8792267483 0 19 1
P 18.9500231421 7.0738088820 0 38 1
P 4.8185346298 15.4762776156 0 38 1
P 21.8148666647 14.9962802860 0 28 4
P 1.9536911072 7.5538062116 0 28 4
P 7.4868416784 21.0886248113 0 13 5
P 16.2817160936 1.4614616863 0 13 5
P 11.1799228243 9.1365383682 0 77 2
P 12.5886349476 13.4135481293 0 77 2
