P 11.1105731312 10.7582516217 0 109 1
P 13.0571272993 6.3012178085 1 100 5
P 9.1640189631 15.2152854350 2 100 5
P 18.8213704167 4.1290529539 0 56 1
P 3.3997758457 17.3874502896 0 56 1
P 0.5777553099 12.4264613597 0 23 5
P 21.6433909524 9.0900418838 0 23 5
P 18.2612057488 8.2731759549 0 72 4
P 3.9599405136 13.2433272885 0 72 4
P 17.8833875404 21.5165032435 0 62 4
P 4.3377587219 0.0000000000 0 62 4
P 22.2211462624 4.0369109493 0 5 3
P 0.0000000000 17.4795922942 0 5 3
P 6.7324114175 8.8904079613 0 86 2
P 15.4887348448 12.6260952822 0 86 2
P 22.1757032714 11.6859115193 0 28 5
P 0.0454429910 9.8305917242 0 28 5
P 19.9136322904 20.6586816817 0 79 1
P 2.3075139720 0.8578215618 0 79 1
P 2.3818045121 10.2003119300 0 43 5
P 19.8393417503 11.3161913135 0 43 5
P 0.2208431774 8.2734019087 0 64 2
P 22.0003030850 13.2431013348 0 64 2
