P 10.1498528673 11.7318891137 0 105 1
P 16.5079807083 16.7599337887 1 100 5
P 3.7917250263 6.7038444386 2 100 5
P 2.4315862443 20.1683004704 0 76 3
P 17.8681194903 3.2954777569 0 76 3
P 4.5754681437 15.1653983477 0 9 1
P 15.7242375909 8.2983798796 0 9 1
P 13.3318874377 9.7325549171 0 27 3
P 6.9678182970 13.7312233102 0 27 3
P 2.7712110704 13.4196762617 0 23 3
P 17.5284946642 10.0441019656 0 23 3
P 4.7299945525 4.6839106254 0 82 3
P 15.5697111821 18.7798676019 0 82 3
P 0.0000000000 14.5075694092 0 4 4
P 20.2997057346 8.9562088181 0 4 4
P 9.8774745361 18.4074701045 0 50 3
P 10.4222311985 5.0563081228 0 50 3
P 0.7609345730 22.8968562590 0 85 4
P 19.5387711616 0.5669219683 0 85 4
P 17.7512313583 17.9667567881 0 57 3
P 2.5484743763 5.4970214393 0 57 3
P 7.8182297646 0.0000000000 0 48 1
P 12.4814759700 23.4637782273 0 48 1
