P 11.4620341768 10.1108858465 0 19 2
P 9.5879804872 8.4626534248 1 100 5
P 13.3360878664 11.7591182682 2 100 5
P 5.7816206579 4.2382105348 0 6 4
P 17.1424476957 15.9835611582 0 6 4
P 16.5428330528 3.3785869979 0 38 2
P 6.3812353007 16.8431846950 0 38 2
P 15.8113068677 2.2947483893 0 80 3
P 7.1127614859 17.9270233037 0 80 3
P 2.2971395898 0.0000000000 0 65 4
P 20.6269287638 20.2217716930 0 65 4
P 11.0203642114 11.9950601701 0 87 4
P 11.9037041422 8.2267115229 0 87 4
P 11.2292062134 0.4724785278 0 83 3
P 11.6948621402 19.7492931652 0 83 3
P 7.9509515464 11.5423373857 0 61 2
P 14.9731168072 8.6794343072 0 61 2
P 22.9240683536 17.9461743319 0 12 4
P 0.0000000000 2.2755973610 0 12 4
P 0.5650238025 15.9880525619 0 90 3
P 22.3590445511 4.2337191311 0 90 3
P 21.5230634350 6.8217573868 0 42 4
P 1.4010049186 13.4000143061 0 42 4
