P 11.9877255522 11.4156211314 0 32 0
P 11.6837306822 17.9729818376 1 100 5
P 12.2917204221 4.8582604252 2 100 5
P 2.9358662045 20.6387152731 0 59 3
P 21.0395848998 2.1925269897 0 59 3
P 23.3971804303 19.1266968190 0 43 1
P 0.5782706740 3.7045454437 0 43 1
P 11.9660459552 0.6365707780 0 8 1
P 12.0094051492 22.1946714847 0 8 1
P 19.8094609807 5.1275058636 0 86 4
P 4.1659901236 17.7037363992 0 86 4
P 4.2269641441 2.4818215270 0 80 3
P 19.7484869602 20.3494207358 0 80 3
P 0.0000000000 8.0016399212 0 26 2
P 23.9754511043 14.8296023416 0 26 2
P 17.6405984059 22.8312422628 0 74 1
P 6.3348526984 0.0000000000 0 74 1
P 1.0089537357 15.2166862968 0 65 3
P 22.9664973686 7.6145559659 0 65 3
P 13.0118848481 20.1881843452 0 5 4
P 10.9635662562 2.6430579175 0 5 4
P 16.4713644537 6.2770686179 0 69 5
P 7.5040866507 16.5541736449 0 69 5
