P 10.6842315712 11.7528835348 0 68 2
P 17.8742367597 16.2906371431 1 100 5
P 3.4942263828 7.2151299264 2 100 5
P 4.0139086377 16.6706640612 0 37 3
P 17.3545545048 6.8351030084 0 37 3
P 8.2660141775 20.2210297269 0 57 4
P 13.1024489650 3.2847373426 0 57 4
P 20.4085168300 7.3073214960 0 76 1
P 0.9599463125 16.1984455735 0 76 1
P 13.0881056511 22.3436667315 0 57 1
P 8.2803574914 1.1621003380 0 57 1
P 5.1624746272 19.9076842237 0 8 4
P 16.2059885153 3.5980828458 0 8 4
P 7.8297756686 3.2986300342 0 30 5
P 13.5386874739 20.2071370353 0 30 5
P 19.1477585971 14.6916591817 0 88 1
P 2.2207045454 8.8141078878 0 88 1
P 21.3684631425 0.6500779580 0 30 3
P 0.0000000000 22.8556891116 0 30 3
P 20.0495721866 0.0000000000 0 27 3
P 1.3188909559 23.5057670695 0 27 3
P 6.4857860089 22.2619870856 0 15 5
P 14.8826771336 1.2437799840 0 15 5
