P 11.7368464394 10.5047113441 0 118 2
P 3.7181091959 6.7924233297 1 100 5
P 19.7555836829 14.2169993586 2 100 5
P 0.0000000000 11.7694300989 0 49 1
P 23.4736928788 9.2399925893 0 49 1
P 14.9633639376 17.7831604638 0 8 5
P 8.5103289413 3.2262622245 0 8 5
P 1.6447186776 3.9453659933 0 28 2
P 21.8289742013 17.0640566950 0 28 2
P 5.0155700618 13.8233726014 0 37 1
P 18.4581228171 7.1860500868 0 37 1
P 17.1461401252 5.2924789289 0 54 4
P 6.3275527537 15.7169437593 0 54 4
P 14.1324561639 9.3938077769 0 61 4
P 9.3412367149 11.6156149114 0 61 4
P 15.2591586631 0.0000000000 0 71 2
P 8.2145342157 21.0094226883 0 71 2
P 15.2021227177 13.1134066829 0 62 4
P 8.2715701611 7.8960160054 0 62 4
P 3.6102605330 10.9308994426 0 67 4
P 19.8634323458 10.0785232457 0 67 4
P 3.4584472345 17.7151113682 0 87 2
P 20.0152456444 3.2943113201 0 87 2
