P 11.0397018711 11.6567183620 0 52 2
P 0.6897542331 16.3282731959 1 100 5
P 21.3896495092 6.9851635280 2 100 5
P 1.5916377276 22.8007981399 0 62 2
P 20.4877660146 0.5126385840 0 62 2
P 3.4285134466 10.3759291295 0 14 3
P 18.6508902957 12.9375075944 0 14 3
P 5.8899363940 10.1606090787 0 50 1
P 16.1894673482 13.1528276453 0 50 1
P 5.7084720571 8.7548435855 0 24 2
P 16.3709316851 14.5585931384 0 24 2
P 13.4199873532 1.5274883963 0 4 4
P 8.6594163890 21.7859483276 0 4 4
P 0.0000000000 7.2297105935 0 78 5
P 22.0794037423 16.0837261305 0 78 5
P 19.8539282735 3.7799349072 0 7 4
P 2.2254754688 19.5335018167 0 7 4
P 13.6668091443 15.7921661547 0 64 4
P 8.4125945980 7.5212705692 0 64 4
P 0.2732748763 23.3134367239 0 67 3
P 21.8061288659 0.0000000000 0 67 3
P 0.5671902562 9.0515847062 0 78 1
P 21.5122134860 14.2618520177 0 78 1
