P 10.5293883041 11.0993986461 0 51 3
P 7.1367943022 17.1127544796 1 100 5
P 13.9219823060 5.0860428126 2 100 5
P 19.5910187939 3.6835304926 0 6 5
P 1.4677578143 18.5152667996 0 6 5
P 19.0146360933 20.4864897190 0 70 2
P 2.0441405149 1.7123075732 0 70 2
P 20.8781047523 17.4207481935 0 35 3
P 0.1806718559 4.7780490987 0 35 3
P 14.1318406081 17.8465089434 0 27 4
P 6.9269360001 4.3522883488 0 27 4
P 0.0000000000 18.2506027418 0 1 2
P 21.0587766082 3.9481945503 0 1 2
P 3.7096866908 19.3357454852 0 6 1
P 17.3490899174 2.8630518070 0 6 1
P 8.9855074366 16.3418433631 0 51 4
P 12.0732691717 5.8569539291 0 51 4
P 20.3559648787 20.0430082735 0 66 2
P 0.7028117295 2.1557890187 0 66 2
P 16.8600889933 2.1453125897 0 70 1
P 4.1986876150 20.0534847025 0 70 1
P 19.8966517951 0.0000000000 0 76 4
P 1.1621248131 22.1987972922 0 76 4
